0.0
0.0
0.0
0.0
0.0
0.0
0.0
0.0
0.0
0.0
0.0
0.0
0.0
0.0
0.0
0.0
0.0
0.0
0.0
0.0
0.0
0.0
0.0
0.0
0.0
0.0
0.0
0.0
0.0
0.0
0.0
0.0
0.0
0.0
0.0
1.3333333333333333
1.3333333333333333
1.3333333333333333
1.3333333333333333
1.3333333333333333
1.3333333333333333
1.3333333333333333
2.6666666666666665
2.6666666666666665
2.6666666666666665
2.6666666666666665
4.0
4.0
4.0
4.0
4.0
4.0
4.0
4.0
4.0
4.0
4.0
4.0
4.0
4.0
4.0
4.0
4.0
4.0
4.0
4.0
4.0
5.333333333333333
5.333333333333333
5.333333333333333
5.333333333333333
5.333333333333333
5.333333333333333
5.333333333333333
5.333333333333333
5.333333333333333
5.333333333333333
5.333333333333333
5.333333333333333
5.333333333333333
5.333333333333333
5.333333333333333
6.666666666666667
6.666666666666667
6.666666666666667
6.666666666666667
6.666666666666667
6.666666666666667
6.666666666666667
5.333333333333333
5.333333333333333
5.333333333333333
5.333333333333333
5.333333333333333
6.666666666666667
6.666666666666667
6.666666666666667
6.666666666666667
6.666666666666667
6.666666666666667
6.666666666666667
6.666666666666667
6.666666666666667
6.666666666666667
6.666666666666667
6.666666666666667
6.666666666666667
6.666666666666667
6.666666666666667
6.666666666666667
8.0
8.0
9.333333333333334
9.333333333333334
9.333333333333334
9.333333333333334
9.333333333333334
9.333333333333334
9.333333333333334
9.333333333333334
9.333333333333334
9.333333333333334
9.333333333333334
12.0
12.0
13.333333333333334
13.333333333333334
13.333333333333334
13.333333333333334
14.666666666666666
14.666666666666666
16.0
16.0
16.0
16.0
16.0
16.0
16.0
16.0
16.0
16.0
16.0
17.333333333333332
17.333333333333332
17.333333333333332
17.333333333333332
17.333333333333332
17.333333333333332
17.333333333333332
17.333333333333332
17.333333333333332
17.333333333333332
17.333333333333332
17.333333333333332
17.333333333333332
17.333333333333332
17.333333333333332
17.333333333333332
17.333333333333332
17.333333333333332
18.666666666666664
18.666666666666664
18.666666666666664
18.666666666666664
18.666666666666664
18.666666666666664
18.666666666666664
18.666666666666664
18.666666666666664
18.666666666666664
18.666666666666664
18.666666666666664
20.0
20.0
22.666666666666668
22.666666666666668
22.666666666666668
22.666666666666668
22.666666666666668
22.666666666666668
22.666666666666668
24.000000000000004
24.000000000000004
24.000000000000004
24.000000000000004
24.000000000000004
24.000000000000004
24.000000000000004
24.000000000000004
24.000000000000004
24.000000000000004
24.000000000000004
25.333333333333332
26.666666666666668
26.666666666666668
28.0
28.0
28.0
29.333333333333332
30.666666666666668
30.666666666666668
30.666666666666668
30.666666666666668
29.333333333333336
29.333333333333336
29.333333333333336
29.333333333333336
29.333333333333336
32.0
32.0
33.333333333333336
33.333333333333336
33.333333333333336
33.333333333333336
33.333333333333336
33.333333333333336
34.666666666666664
34.666666666666664
34.666666666666664
34.666666666666664
34.666666666666664
36.0
36.0
36.0
36.0
36.0
37.33333333333333
38.666666666666664
38.666666666666664
38.666666666666664
40.0
33.333333333333336
34.666666666666664
34.666666666666664
34.666666666666664
29.333333333333336
29.333333333333336
30.666666666666668
26.666666666666664
26.666666666666664
26.666666666666664
26.666666666666664
26.666666666666664
28.0
28.0
28.0
29.333333333333336
29.333333333333336
30.666666666666668
30.666666666666668
30.666666666666668
30.666666666666668
33.33333333333333
33.33333333333333
34.666666666666664
34.666666666666664
34.666666666666664
37.33333333333333
37.33333333333333
35.99999999999999
37.33333333333333
37.33333333333333
37.333333333333336
35.99999999999999
37.333333333333336
37.333333333333336
37.333333333333336
37.333333333333336
37.333333333333336
37.333333333333336
37.333333333333336
37.333333333333336
36.0
34.666666666666664
34.666666666666664
34.666666666666664
34.666666666666664
33.33333333333333
33.33333333333333
33.33333333333333
33.33333333333333
33.33333333333333
36.0
36.0
38.666666666666664
41.33333333333333
41.33333333333333
33.33333333333333
34.666666666666664
34.666666666666664
36.0
32.0
32.0
32.0
32.0
32.0
32.0
32.0
32.0
32.0
32.0
32.0
32.0
32.0
32.0
33.333333333333336
33.333333333333336
33.333333333333336
33.333333333333336
34.66666666666667
36.00000000000001
36.00000000000001
36.00000000000001
36.00000000000001
37.333333333333336
38.666666666666664
40.0
40.0
41.333333333333336
41.333333333333336
41.333333333333336
41.333333333333336
41.333333333333336
41.333333333333336
42.66666666666667
42.66666666666667
42.66666666666667
42.66666666666667
42.66666666666667
38.666666666666664
40.0
41.333333333333336
41.333333333333336
36.0
36.0
36.0
33.33333333333333
33.33333333333333
33.33333333333333
33.33333333333333
33.33333333333333
33.33333333333333
34.66666666666667
36.0
34.66666666666667
34.66666666666667
33.33333333333333
33.33333333333333
33.33333333333333
33.33333333333333
34.66666666666667
34.66666666666667
34.66666666666667
34.66666666666667
34.66666666666667
36.0
36.0
37.33333333333334
37.33333333333334
37.33333333333334
38.66666666666667
38.66666666666667
40.0
40.0
41.33333333333334
41.33333333333334
41.33333333333334
41.33333333333334
42.66666666666667
44.0
44.0
44.0
44.0
44.0
44.0
48.0
49.33333333333333
52.0
52.0
52.0
52.0
52.0
53.33333333333333
54.666666666666664
57.33333333333333
58.66666666666667
58.66666666666667
58.66666666666667
60.0
60.0
60.0
58.666666666666664
58.666666666666664
58.666666666666664
59.99999999999999
59.99999999999999
59.99999999999999
59.99999999999999
59.99999999999999
59.99999999999999
59.99999999999999
59.99999999999999
61.33333333333333
61.33333333333333
61.33333333333333
62.666666666666664
64.0
64.0
64.0
64.0
64.0
64.0
66.66666666666667
68.00000000000001
68.00000000000001
68.00000000000001
68.00000000000001
68.00000000000001
68.00000000000001
65.33333333333334
65.33333333333334
65.33333333333334
68.00000000000001
66.66666666666667
66.66666666666667
68.00000000000001
65.33333333333334
65.33333333333334
65.33333333333334
65.33333333333334
66.66666666666667
66.66666666666667
66.66666666666667
65.33333333333333
65.33333333333333
66.66666666666667
68.0
68.0
68.0
68.0
70.66666666666666
70.66666666666666
73.33333333333333
74.66666666666667
76.0
77.33333333333333
77.33333333333333
78.66666666666667
81.33333333333333
84.00000000000001
84.00000000000001
84.00000000000001
85.33333333333333
85.33333333333333
85.33333333333333
85.33333333333333
85.33333333333333
85.33333333333333
89.33333333333334
89.33333333333334
90.66666666666666
89.33333333333331
90.66666666666666
93.33333333333334
93.33333333333334
93.33333333333334
93.33333333333334
94.66666666666667
96.00000000000001
97.33333333333334
97.33333333333334
100.0
100.0
101.33333333333333
101.33333333333333
100.0
100.0
100.0
102.66666666666667
100.0
102.66666666666667
104.00000000000001
104.00000000000001
104.00000000000001
104.00000000000001
105.33333333333334
105.33333333333334
105.33333333333334
106.66666666666667
108.0
108.0
108.0
108.0
108.0
109.33333333333333
109.33333333333333
109.33333333333333
109.33333333333333
110.66666666666667
110.66666666666667
112.0
112.0
112.0
112.0
114.66666666666667
116.0
116.0
116.0
117.33333333333334
118.66666666666667
118.66666666666667
118.66666666666667
118.66666666666667
117.33333333333334
118.66666666666666
118.66666666666666
118.66666666666666
116.0
117.33333333333334
117.33333333333334
116.0
117.33333333333333
118.66666666666666
121.33333333333334
122.66666666666667
122.66666666666667
122.66666666666667
114.66666666666667
114.66666666666667
114.66666666666667
114.66666666666667
110.66666666666666
112.0
112.0
106.66666666666667
105.33333333333333
105.33333333333333
105.33333333333333
106.66666666666667
106.66666666666667
107.99999999999999
105.33333333333333
105.33333333333333
106.66666666666666
106.66666666666666
105.33333333333333
105.33333333333333
105.33333333333333
103.99999999999999
103.99999999999999
103.99999999999999
105.33333333333333
106.66666666666667
106.66666666666667
106.66666666666667
98.66666666666667
100.0
100.0
100.0
93.33333333333333
92.0
93.33333333333333
88.0
86.66666666666666
86.66666666666666
88.0
89.33333333333333
89.33333333333333
89.33333333333333
89.33333333333333
89.33333333333333
89.33333333333333
90.66666666666666
92.0
93.33333333333334
94.66666666666666
95.99999999999999
99.99999999999999
101.33333333333333
101.33333333333333
102.66666666666667
103.99999999999999
103.99999999999999
98.66666666666667
100.00000000000001
104.0
104.0
98.66666666666667
100.0
100.0
97.33333333333333
94.66666666666666
96.0
93.33333333333333
92.0
90.66666666666666
90.66666666666667
88.0
85.33333333333334
85.33333333333333
82.66666666666667
78.66666666666666
80.0
80.0
81.33333333333333
82.66666666666667
86.66666666666666
83.99999999999999
83.99999999999999
85.33333333333333
85.33333333333333
84.0
84.0
85.33333333333334
88.0
88.0
89.33333333333334
90.66666666666669
90.66666666666669
92.0
90.66666666666669
89.33333333333334
90.66666666666667
92.0
92.0
88.0
89.33333333333334
88.00000000000001
84.00000000000001
82.66666666666669
82.66666666666669
88.0
89.33333333333334
90.66666666666669
90.66666666666667
90.66666666666666
96.0
98.66666666666667
100.0
102.66666666666666
104.00000000000001
105.33333333333333
105.33333333333333
105.33333333333333
109.33333333333334
109.33333333333334
109.33333333333334
109.33333333333334
109.33333333333334
101.33333333333334
102.66666666666666
102.66666666666666
102.66666666666666
94.66666666666666
96.0
96.0
88.0
88.0
89.33333333333334
89.33333333333334
89.33333333333334
89.33333333333334
90.66666666666667
88.00000000000001
89.33333333333334
90.66666666666669
90.66666666666669
92.00000000000001
92.00000000000001
94.66666666666667
96.0
97.33333333333334
97.33333333333334
98.66666666666669
98.66666666666669
101.33333333333334
105.33333333333333
105.33333333333333
106.66666666666666
108.0
109.33333333333334
108.0
109.33333333333333
110.66666666666666
109.33333333333334
108.0
108.0
110.66666666666667
110.66666666666667
110.66666666666667
110.66666666666667
103.99999999999999
103.99999999999999
103.99999999999999
105.33333333333331
98.66666666666666
98.66666666666666
100.0
95.99999999999999
93.33333333333333
97.33333333333333
97.33333333333333
100.0
100.0
102.66666666666666
102.66666666666666
102.66666666666666
102.66666666666666
104.0
104.0
106.66666666666666
106.66666666666666
108.0
108.0
108.0
109.33333333333333
109.33333333333333
110.66666666666666
112.0
113.33333333333334
117.33333333333333
120.0
121.33333333333334
121.33333333333334
122.66666666666666
122.66666666666666
122.66666666666666
124.0
125.33333333333334
118.66666666666666
120.0
122.66666666666666
124.0
116.0
120.0
118.66666666666666
113.33333333333334
113.33333333333334
114.66666666666667
106.66666666666667
106.66666666666667
102.66666666666666
100.0
98.66666666666666
93.33333333333334
92.0
86.66666666666667
85.33333333333334
84.0
86.66666666666667
86.66666666666667
87.99999999999999
92.0
92.0
93.33333333333333
93.33333333333333
93.33333333333333
94.66666666666666
95.99999999999999
98.66666666666667
97.33333333333333
100.0
100.0
100.0
101.33333333333333
101.33333333333333
102.66666666666667
104.0
106.66666666666666
106.66666666666666
107.99999999999999
109.33333333333333
109.33333333333333
110.66666666666667
112.0
113.33333333333333
114.66666666666667
116.0
116.0
116.0
117.33333333333333
110.66666666666667
111.99999999999999
111.99999999999999
114.66666666666667
108.0
108.0
108.0
100.0
102.66666666666666
103.99999999999999
105.33333333333333
105.33333333333333
107.99999999999999
109.33333333333331
109.33333333333331
109.33333333333331
110.66666666666666
110.66666666666666
111.99999999999999
111.99999999999999
114.66666666666666
114.66666666666666
114.66666666666666
114.66666666666666
115.99999999999999
117.33333333333333
117.33333333333333
117.33333333333333
115.99999999999999
118.66666666666666
118.66666666666666
118.66666666666666
115.99999999999999
117.33333333333331
122.66666666666666
122.66666666666666
125.33333333333331
126.66666666666666
128.0
129.33333333333334
129.33333333333334
129.33333333333334
122.66666666666666
122.66666666666666
122.66666666666666
122.66666666666666
116.0
117.33333333333333
116.0
110.66666666666666
110.66666666666666
110.66666666666666
110.66666666666666
113.33333333333331
114.66666666666666
117.33333333333333
114.66666666666666
114.66666666666666
114.66666666666666
114.66666666666666
113.33333333333331
116.0
118.66666666666666
117.33333333333331
120.0
120.0
118.66666666666666
122.66666666666666
122.66666666666666
122.66666666666666
125.33333333333334
124.0
125.33333333333333
125.33333333333333
126.66666666666667
126.66666666666667
128.0
128.0
129.33333333333334
130.66666666666666
122.66666666666669
124.00000000000001
124.00000000000001
124.00000000000001
116.00000000000001
117.33333333333334
117.33333333333334
114.66666666666669
112.0
113.33333333333334
114.66666666666669
114.66666666666669
117.33333333333334
120.0
121.33333333333334
121.33333333333334
122.66666666666667
122.66666666666667
122.66666666666667
125.33333333333333
125.33333333333333
126.66666666666667
127.99999999999999
127.99999999999999
127.99999999999999
127.99999999999999
130.66666666666669
130.66666666666669
123.99999999999999
126.66666666666667
128.0
129.33333333333331
121.33333333333333
121.33333333333333
121.33333333333333
114.66666666666667
117.33333333333333
117.33333333333333
117.33333333333333
121.33333333333333
122.66666666666667
124.0
121.33333333333333
124.0
124.0
125.33333333333333
125.33333333333333
125.33333333333333
126.66666666666667
125.33333333333333
125.33333333333333
126.66666666666667
127.99999999999999
127.99999999999999
130.66666666666669
132.0
134.66666666666666
134.66666666666666
137.33333333333331
137.33333333333331
136.0
137.33333333333334
138.66666666666666
138.66666666666666
141.33333333333334
144.0
144.0
146.66666666666669
146.66666666666669
146.66666666666669
146.66666666666669
146.66666666666669
146.66666666666669
148.0
149.33333333333331
149.33333333333331
150.66666666666669
156.0
157.33333333333334
157.33333333333334
149.33333333333334
149.33333333333334
150.66666666666669
152.0
145.33333333333331
148.0
148.0
142.66666666666666
142.66666666666666
142.66666666666666
144.0
145.33333333333334
148.0
149.33333333333331
142.66666666666666
142.66666666666666
143.99999999999997
145.33333333333331
141.33333333333331
141.33333333333334
141.33333333333334
141.33333333333331
138.66666666666669
140.0
140.0
141.33333333333331
141.33333333333331
141.33333333333331
138.66666666666666
140.0
140.0
140.0
140.0
141.33333333333331
145.33333333333334
145.33333333333334
145.33333333333334
145.33333333333334
146.66666666666666
146.66666666666666
148.00000000000003
146.66666666666669
148.00000000000003
149.33333333333334
149.33333333333334
150.66666666666666
153.33333333333334
153.33333333333334
153.33333333333334
154.66666666666669
154.66666666666669
156.00000000000003
156.00000000000003
157.33333333333334
158.66666666666666
160.0
160.0
162.66666666666666
165.33333333333334
165.33333333333334
168.00000000000003
169.33333333333334
169.33333333333334
170.66666666666666
170.66666666666666
170.66666666666666
172.00000000000003
173.33333333333334
173.33333333333334
174.66666666666666
174.66666666666666
177.33333333333334
181.33333333333334
182.66666666666669
184.0
184.0
184.0
186.66666666666669
188.00000000000003
189.33333333333337
188.0
188.0
188.0
189.33333333333334
189.33333333333334
193.33333333333334
196.0
198.66666666666669
198.66666666666669
200.0
200.0
200.0
200.0
201.33333333333331
204.0
204.0
204.0
208.0
209.33333333333334
210.66666666666669
210.66666666666669
213.33333333333331
214.66666666666669
214.66666666666669
216.0
218.66666666666669
221.33333333333331
222.66666666666666
222.66666666666666
225.33333333333334
225.33333333333334
226.66666666666669
228.0
230.66666666666666
232.00000000000003
232.00000000000003
233.33333333333334
236.00000000000003
237.33333333333334
238.66666666666669
241.33333333333334
242.66666666666666
244.00000000000003
245.33333333333334
237.33333333333334
240.0
241.33333333333334
244.00000000000003
236.00000000000003
238.66666666666666
242.66666666666666
236.0
237.33333333333334
238.66666666666669
232.00000000000003
234.66666666666669
229.33333333333337
229.33333333333331
226.66666666666666
222.66666666666669
218.66666666666666
216.0
216.0
217.33333333333331
218.66666666666663
222.66666666666663
224.0
225.33333333333331
225.33333333333331
226.66666666666663
226.66666666666663
229.33333333333331
230.66666666666663
230.66666666666663
230.66666666666663
230.66666666666663
233.33333333333331
237.33333333333334
237.33333333333334
238.66666666666666
239.99999999999997
238.66666666666666
233.33333333333334
235.99999999999997
235.99999999999997
237.33333333333331
229.33333333333331
233.33333333333334
233.33333333333334
229.33333333333331
232.0
230.66666666666669
226.66666666666666
229.33333333333334
225.33333333333334
225.33333333333334
221.33333333333334
220.0
221.33333333333331
217.33333333333331
218.66666666666666
217.33333333333334
218.66666666666666
219.99999999999997
219.99999999999997
219.99999999999997
217.33333333333334
217.33333333333334
217.33333333333334
218.66666666666666
217.33333333333331
218.66666666666666
220.0
220.0
220.0
220.0
221.33333333333334
221.33333333333334
222.66666666666666
221.33333333333334
218.66666666666666
219.99999999999997
219.99999999999997
219.99999999999997
211.99999999999997
214.66666666666666
215.99999999999997
210.66666666666666
210.66666666666666
210.66666666666666
205.33333333333331
206.66666666666669
200.0
198.66666666666669
197.33333333333334
194.66666666666666
193.33333333333334
188.0
186.66666666666666
185.33333333333334
186.66666666666666
188.0
188.0
189.33333333333334
185.33333333333334
185.33333333333334
188.00000000000003
188.00000000000003
182.66666666666669
185.33333333333334
186.66666666666666
188.0
188.0
189.33333333333331
189.33333333333331
192.0
192.0
196.00000000000003
195.99999999999997
197.33333333333334
198.66666666666666
201.33333333333334
198.66666666666666
198.66666666666666
201.33333333333334
198.66666666666666
198.66666666666666
200.0
201.33333333333334
202.66666666666666
202.66666666666666
204.0
198.66666666666666
201.33333333333334
201.33333333333334
202.66666666666666
198.66666666666666
200.0
200.0
196.0
196.0
200.0
201.33333333333331
202.66666666666666
202.66666666666666
202.66666666666666
201.33333333333331
201.33333333333331
201.33333333333331
202.66666666666669
201.33333333333331
202.66666666666669
205.33333333333334
205.33333333333331
205.33333333333331
205.33333333333331
204.0
206.66666666666666
207.99999999999997
207.99999999999997
207.99999999999997
209.33333333333331
209.33333333333331
210.66666666666663
212.0
213.33333333333331
213.33333333333331
214.66666666666666
215.99999999999997
218.66666666666666
211.99999999999997
216.0
217.33333333333334
219.99999999999997
216.0
216.0
216.0
217.33333333333331
217.33333333333334
218.66666666666666
221.33333333333334
222.66666666666666
224.0
225.33333333333331
226.66666666666666
226.66666666666666
226.66666666666666
228.0
226.66666666666666
229.33333333333331
230.66666666666669
230.66666666666669
233.33333333333334
233.33333333333334
234.66666666666666
234.66666666666666
234.66666666666666
234.66666666666666
226.66666666666669
226.66666666666669
226.66666666666669
229.33333333333331
221.33333333333331
222.66666666666669
224.0
217.33333333333334
216.0
216.0
217.33333333333334
218.66666666666669
220.0
222.66666666666666
220.0
220.0
220.0
221.33333333333331
221.33333333333334
222.66666666666669
226.66666666666666
226.66666666666666
229.33333333333334
229.33333333333334
231.99999999999997
234.66666666666666
237.33333333333331
238.66666666666666
234.66666666666666
236.0
239.99999999999997
241.33333333333334
234.66666666666666
234.66666666666666
236.0
229.33333333333331
229.33333333333331
230.66666666666666
231.99999999999997
233.33333333333334
236.0
234.66666666666669
232.0
233.33333333333334
234.66666666666669
236.00000000000003
237.33333333333334
238.66666666666666
240.0
241.33333333333334
241.33333333333334
241.33333333333334
244.0
244.0
244.0
246.66666666666669
248.0
249.33333333333334
250.66666666666666
254.66666666666669
256.0
257.3333333333333
257.3333333333333
258.66666666666663
264.0
264.0
265.3333333333333
265.3333333333333
266.6666666666667
266.6666666666667
268.0
269.33333333333337
269.33333333333337
269.33333333333337
268.0
268.0
269.33333333333337
273.3333333333333
273.3333333333333
280.0
280.0
280.0
281.3333333333333
281.3333333333333
284.0
282.6666666666667
282.6666666666667
284.0
288.0
288.0
286.6666666666667
289.33333333333337
289.33333333333337
293.33333333333337
294.66666666666674
297.33333333333337
297.33333333333337
298.6666666666667
298.6666666666667
298.6666666666667
300.0
301.33333333333337
304.0
305.3333333333333
302.66666666666663
304.0
304.0
305.3333333333333
306.6666666666667
308.0
308.0
308.0
309.3333333333333
309.3333333333333
310.6666666666667
312.00000000000006
313.33333333333337
313.33333333333337
314.6666666666667
314.6666666666667
314.6666666666667
318.6666666666667
318.6666666666667
318.6666666666667
318.6666666666667
321.33333333333337
324.0
325.3333333333333
325.3333333333333
325.33333333333337
326.66666666666674
328.0
328.0
328.0
328.0
328.0
328.0
330.6666666666667
332.00000000000006
333.3333333333333
334.66666666666663
336.0
334.66666666666663
336.0
337.33333333333337
337.33333333333337
342.6666666666667
345.3333333333333
348.0
349.33333333333337
354.66666666666674
356.0
357.33333333333337
360.0
361.33333333333337
362.66666666666674
357.33333333333337
358.66666666666674
358.66666666666674
360.00000000000006
352.00000000000006
352.00000000000006
353.33333333333337
345.33333333333337
345.33333333333337
345.33333333333337
345.33333333333337
346.6666666666667
346.6666666666667
346.6666666666667
345.3333333333333
345.3333333333333
346.66666666666663
346.66666666666663
348.0
348.0
349.3333333333333
351.99999999999994
353.3333333333333
353.3333333333333
354.66666666666663
354.66666666666663
357.3333333333333
357.3333333333333
357.33333333333337
357.33333333333337
357.33333333333337
360.0
361.33333333333337
362.6666666666667
364.0
364.0
365.3333333333333
366.66666666666663
358.66666666666663
360.0
360.0
362.6666666666667
356.0
357.33333333333337
358.6666666666667
350.6666666666667
352.0
350.6666666666667
347.99999999999994
350.66666666666663
345.3333333333333
343.99999999999994
339.99999999999994
337.3333333333333
339.99999999999994
331.99999999999994
333.3333333333333
333.3333333333333
334.6666666666667
336.0
336.0
338.6666666666667
333.33333333333337
338.66666666666663
340.0
340.0
340.0
341.33333333333337
341.33333333333337
342.6666666666667
345.3333333333333
346.6666666666667
346.6666666666667
346.6666666666667
346.6666666666667
346.66666666666674
340.0
340.0
341.33333333333337
342.66666666666674
338.66666666666674
337.33333333333337
336.00000000000006
330.66666666666674
329.33333333333337
328.0
326.6666666666667
326.6666666666667
324.00000000000006
322.6666666666667
322.6666666666667
320.00000000000006
317.3333333333333
312.00000000000006
309.3333333333333
306.6666666666667
308.0
310.6666666666667
310.6666666666667
312.0
313.33333333333337
313.33333333333337
313.33333333333337
313.33333333333337
313.33333333333337
316.00000000000006
316.00000000000006
316.00000000000006
318.6666666666667
318.6666666666667
321.33333333333337
322.6666666666667
322.6666666666667
322.6666666666667
320.00000000000006
322.66666666666663
325.3333333333333
326.6666666666667
326.6666666666667
326.66666666666663
328.0
330.66666666666663
329.3333333333333
332.0
332.0
336.0
336.0
338.6666666666667
336.0
339.99999999999994
339.99999999999994
342.6666666666667
345.33333333333337
346.6666666666667
348.0
348.0
349.33333333333337
352.0
353.33333333333337
353.33333333333337
354.66666666666663
354.66666666666663
355.99999999999994
357.33333333333326
358.66666666666663
359.99999999999994
362.66666666666663
365.33333333333326
365.33333333333326
365.33333333333326
366.66666666666663
366.66666666666663
367.99999999999994
367.99999999999994
370.66666666666663
371.99999999999994
371.99999999999994
371.99999999999994
373.33333333333326
373.33333333333326
376.0
377.3333333333333
377.3333333333333
378.66666666666663
381.33333333333326
382.66666666666663
381.33333333333326
382.66666666666663
382.66666666666663
382.66666666666663
379.99999999999994
381.33333333333326
381.33333333333326
378.66666666666663
380.0
380.0
380.0
380.0
380.0
381.33333333333326
374.66666666666663
376.0
377.3333333333333
377.33333333333326
370.66666666666663
370.66666666666663
372.0
369.3333333333333
366.66666666666663
366.66666666666663
367.99999999999994
372.0
373.3333333333333
373.3333333333333
366.6666666666667
366.6666666666667
368.00000000000006
368.00000000000006
365.33333333333337
366.66666666666674
368.00000000000006
369.33333333333337
368.00000000000006
368.00000000000006
370.6666666666667
372.0
374.6666666666667
377.3333333333333
369.3333333333333
369.3333333333333
370.6666666666667
372.00000000000006
367.99999999999994
367.99999999999994
370.66666666666663
365.3333333333333
364.0
365.33333333333326
366.66666666666663
366.66666666666663
366.66666666666663
368.0
366.6666666666667
366.6666666666667
366.6666666666667
366.6666666666667
366.6666666666667
366.6666666666667
367.99999999999994
369.3333333333333
370.6666666666667
374.6666666666667
374.6666666666667
376.00000000000006
377.3333333333333
381.3333333333333
377.3333333333333
380.00000000000006
380.00000000000006
382.6666666666667
381.33333333333337
381.33333333333337
381.33333333333337
381.33333333333337
381.33333333333337
381.33333333333337
381.33333333333337
382.6666666666667
384.0
384.0
382.66666666666663
382.66666666666663
385.33333333333326
385.33333333333326
387.99999999999994
389.33333333333326
393.33333333333326
393.33333333333326
396.0
396.0
396.0
396.0
397.3333333333333
397.3333333333333
399.99999999999994
399.99999999999994
401.3333333333333
402.66666666666663
402.66666666666663
404.0
404.0
404.0
405.33333333333337
405.33333333333337
402.66666666666663
402.66666666666663
405.3333333333333
406.66666666666663
406.66666666666663
408.0
410.6666666666667
412.0
413.3333333333333
414.66666666666663
418.6666666666667
418.6666666666667
420.00000000000006
424.00000000000006
416.00000000000006
418.6666666666667
421.3333333333333
422.6666666666667
416.00000000000006
414.6666666666667
414.6666666666667
406.6666666666667
406.6666666666667
406.6666666666667
406.6666666666667
408.00000000000006
409.33333333333337
409.33333333333337
406.6666666666667
406.6666666666667
408.00000000000006
408.00000000000006
405.3333333333333
406.6666666666667
406.6666666666667
408.0
408.0
409.3333333333333
408.00000000000006
408.00000000000006
405.3333333333333
406.66666666666663
406.6666666666667
405.33333333333337
405.3333333333333
405.3333333333333
405.3333333333333
405.3333333333333
405.3333333333333
409.3333333333333
409.3333333333333
409.33333333333337
413.33333333333337
414.66666666666663
414.66666666666663
414.66666666666663
416.0
417.33333333333337
417.33333333333337
417.33333333333337
417.33333333333337
417.33333333333337
417.33333333333337
418.66666666666663
419.99999999999994
419.99999999999994
414.66666666666663
416.0
417.33333333333337
421.33333333333326
418.66666666666663
424.0
425.3333333333333
426.66666666666663
429.3333333333333
429.3333333333333
434.66666666666663
436.0
437.3333333333333
438.66666666666663
436.0
436.0
437.33333333333326
437.33333333333326
440.0
440.0
443.99999999999994
445.33333333333326
445.33333333333326
448.0
449.3333333333333
449.3333333333333
449.3333333333333
449.3333333333333
449.3333333333333
449.3333333333333
449.3333333333333
449.3333333333333
450.66666666666663
451.99999999999994
454.66666666666663
452.0
453.33333333333337
456.0
456.0
457.33333333333337
457.33333333333337
458.6666666666667
460.0
460.0
460.0
460.0
460.0
460.0
460.0
460.0
464.0
464.0
465.3333333333333
465.3333333333333
465.3333333333333
465.3333333333333
465.3333333333333
465.3333333333333
468.0
468.0
469.3333333333333
473.33333333333326
473.33333333333326
478.66666666666663
479.99999999999994
481.33333333333326
482.66666666666663
482.66666666666663
482.66666666666663
482.66666666666663
474.66666666666663
476.0
476.0
476.0
469.3333333333333
471.99999999999994
473.33333333333326
466.66666666666663
469.33333333333326
470.66666666666663
470.66666666666663
470.66666666666663
472.0
472.0
469.3333333333333
469.3333333333333
469.3333333333333
469.3333333333333
472.0
472.0
472.0
472.0
473.3333333333333
473.3333333333333
473.3333333333333
474.66666666666663
475.99999999999994
480.0
481.3333333333333
481.3333333333333
481.3333333333333
481.3333333333333
481.3333333333333
481.3333333333333
481.3333333333333
482.6666666666667
484.0
485.3333333333333
487.99999999999994
489.3333333333333
489.3333333333333
489.3333333333333
487.99999999999994
487.99999999999994
487.99999999999994
492.0
493.33333333333337
492.0
492.0
493.33333333333337
490.66666666666663
492.0
493.33333333333337
494.66666666666663
494.66666666666663
496.0
493.3333333333333
494.6666666666667
494.6666666666667
494.6666666666667
498.66666666666663
498.66666666666663
500.0
502.66666666666663
504.0
504.0
505.33333333333337
505.33333333333337
505.33333333333337
505.33333333333337
504.0
504.0
505.33333333333337
505.33333333333337
506.6666666666667
508.0
510.6666666666667
513.3333333333334
513.3333333333334
512.0
513.3333333333334
513.3333333333334
513.3333333333334
513.3333333333334
514.6666666666666
516.0
516.0
517.3333333333333
517.3333333333333
518.6666666666666
520.0
521.3333333333334
521.3333333333334
522.6666666666666
521.3333333333333
522.6666666666666
522.6666666666666
524.0
525.3333333333334
522.6666666666667
524.0
526.6666666666667
526.6666666666667
526.6666666666667
526.6666666666667
528.0
530.6666666666666
530.6666666666666
524.0000000000001
525.3333333333334
525.3333333333334
526.6666666666666
518.6666666666666
520.0000000000001
520.0000000000001
512.0
513.3333333333334
513.3333333333334
513.3333333333334
516.0
516.0
516.0
517.3333333333334
518.6666666666666
518.6666666666666
520.0
520.0
521.3333333333334
521.3333333333334
521.3333333333334
522.6666666666666
522.6666666666666
522.6666666666666
524.0
528.0
528.0
529.3333333333333
532.0
533.3333333333334
533.3333333333334
538.6666666666667
538.6666666666667
540.0
542.6666666666666
544.0
548.0
548.0
548.0
548.0
550.6666666666667
544.0
544.0
547.9999999999999
547.9999999999999
542.6666666666666
545.3333333333333
545.3333333333333
538.6666666666666
537.3333333333333
541.3333333333333
541.3333333333333
542.6666666666666
544.0
547.9999999999999
548.0000000000001
548.0000000000001
549.3333333333334
549.3333333333334
552.0
553.3333333333334
553.3333333333334
553.3333333333334
553.3333333333334
553.3333333333334
554.6666666666667
557.3333333333333
560.0
558.6666666666667
560.0
562.6666666666667
564.0
564.0
564.0
565.3333333333333
565.3333333333333
565.3333333333333
566.6666666666667
566.6666666666667
561.3333333333334
561.3333333333334
564.0
562.6666666666666
559.9999999999999
559.9999999999999
558.6666666666666
554.6666666666666
553.3333333333334
554.6666666666666
554.6666666666666
556.0
556.0
557.3333333333334
558.6666666666667
560.0
561.3333333333333
562.6666666666666
562.6666666666666
565.3333333333333
565.3333333333333
568.0
569.3333333333333
569.3333333333333
572.0
573.3333333333333
573.3333333333333
573.3333333333333
570.6666666666667
572.0
573.3333333333334
573.3333333333334
573.3333333333334
574.6666666666667
577.3333333333334
577.3333333333334
578.6666666666666
578.6666666666666
580.0
580.0
584.0
584.0
588.0
588.0
588.0
588.0
590.6666666666667
593.3333333333334
593.3333333333334
596.0000000000001
596.0000000000001
596.0000000000001
598.6666666666666
600.0000000000001
600.0000000000001
598.6666666666667
600.0
600.0
600.0
600.0
600.0
601.3333333333333
601.3333333333333
601.3333333333333
602.6666666666667
602.6666666666667
601.3333333333334
602.6666666666667
604.0
604.0
604.0
605.3333333333333
605.3333333333333
605.3333333333333
606.6666666666667
609.3333333333334
610.6666666666667
612.0000000000001
613.3333333333334
613.3333333333334
613.3333333333334
613.3333333333333
613.3333333333333
613.3333333333333
613.3333333333333
614.6666666666666
614.6666666666666
614.6666666666666
616.0
616.0
616.0
616.0
618.6666666666667
618.6666666666667
618.6666666666667
618.6666666666667
618.6666666666667
620.0
620.0
620.0
613.3333333333333
613.3333333333333
616.0
617.3333333333334
610.6666666666667
610.6666666666667
610.6666666666667
606.6666666666667
606.6666666666667
609.3333333333333
610.6666666666665
610.6666666666665
610.6666666666665
610.6666666666665
610.6666666666665
610.6666666666665
612.0
612.0
612.0
612.0
612.0
613.3333333333333
613.3333333333333
613.3333333333333
613.3333333333333
613.3333333333333
614.6666666666666
616.0
610.6666666666667
613.3333333333333
613.3333333333333
613.3333333333333
614.6666666666667
614.6666666666667
616.0
614.6666666666666
616.0
617.3333333333334
617.3333333333334
617.3333333333334
618.6666666666667
618.6666666666667
618.6666666666667
620.0000000000001
620.0000000000001
620.0000000000001
620.0000000000001
621.3333333333334
621.3333333333334
621.3333333333334
621.3333333333334
621.3333333333334
622.6666666666666
624.0000000000001
625.3333333333334
625.3333333333334
625.3333333333334
625.3333333333334
627.9999999999999
627.9999999999999
629.3333333333334
630.6666666666666
630.6666666666666
632.0
632.0
632.0
633.3333333333334
633.3333333333334
634.6666666666666
637.3333333333334
636.0
637.3333333333334
638.6666666666667
641.3333333333333
641.3333333333333
644.0
644.0
644.0
644.0
646.6666666666667
648.0
649.3333333333334
649.3333333333334
652.0
652.0
654.6666666666666
656.0
656.0
656.0
656.0
656.0
656.0
656.0
657.3333333333333
656.0
657.3333333333333
661.3333333333334
661.3333333333334
661.3333333333334
664.0
664.0
662.6666666666666
662.6666666666666
662.6666666666666
664.0000000000001
665.3333333333334
666.6666666666666
668.0
669.3333333333334
669.3333333333334
669.3333333333334
669.3333333333334
669.3333333333334
672.0000000000001
672.0000000000001
673.3333333333335
673.3333333333335
673.3333333333335
673.3333333333335
674.6666666666667
674.6666666666667
674.6666666666667
674.6666666666667
676.0
676.0
676.0
676.0
676.0
676.0
677.3333333333335
678.6666666666667
680.0
681.3333333333334
681.3333333333334
681.3333333333334
682.6666666666667
682.6666666666667
682.6666666666667
682.6666666666667
684.0000000000001
685.3333333333335
686.6666666666667
682.6666666666667
682.6666666666667
684.0
684.0
676.0
677.3333333333335
677.3333333333335
672.0
672.0
672.0
672.0
672.0
672.0
674.6666666666666
670.6666666666666
670.6666666666666
672.0
672.0
670.6666666666667
670.6666666666667
672.0000000000001
672.0000000000001
674.6666666666667
673.3333333333334
674.6666666666666
676.0
678.6666666666667
678.6666666666667
681.3333333333334
684.0
684.0
685.3333333333334
686.6666666666667
686.6666666666667
686.6666666666667
688.0000000000001
690.6666666666667
690.6666666666667
690.6666666666667
693.3333333333334
693.3333333333334
693.3333333333334
693.3333333333334
693.3333333333334
693.3333333333334
693.3333333333334
694.6666666666666
697.3333333333334
698.6666666666667
698.6666666666667
698.6666666666667
701.3333333333335
701.3333333333335
701.3333333333335
701.3333333333335
702.6666666666667
704.0
704.0
705.3333333333333
705.3333333333333
705.3333333333333
705.3333333333333
706.6666666666666
706.6666666666666
706.6666666666666
706.6666666666666
707.9999999999999
707.9999999999999
709.3333333333334
709.3333333333334
710.6666666666666
709.3333333333333
710.6666666666665
710.6666666666665
710.6666666666665
710.6666666666665
711.9999999999999
711.9999999999999
713.3333333333333
715.9999999999999
715.9999999999999
715.9999999999999
715.9999999999999
717.3333333333334
719.9999999999999
721.3333333333333
721.3333333333333
721.3333333333333
724.0
725.3333333333334
724.0
724.0
726.6666666666667
726.6666666666667
724.0
728.0000000000001
729.3333333333335
728.0
726.6666666666667
726.6666666666667
726.6666666666667
726.6666666666667
728.0000000000001
728.0000000000001
728.0000000000001
729.3333333333335
730.6666666666667
732.0000000000001
732.0000000000001
732.0000000000001
732.0
733.3333333333333
733.3333333333333
733.3333333333333
733.3333333333333
734.6666666666667
736.0
736.0
729.3333333333333
730.6666666666666
730.6666666666666
730.6666666666666
722.6666666666666
722.6666666666666
725.3333333333333
717.3333333333333
717.3333333333333
717.3333333333333
718.6666666666667
720.0
721.3333333333334
721.3333333333334
718.6666666666666
718.6666666666666
719.9999999999999
721.3333333333333
721.3333333333334
722.6666666666666
722.6666666666666
722.6666666666666
722.6666666666666
724.0
724.0
725.3333333333334
725.3333333333334
727.9999999999999
719.9999999999999
719.9999999999999
719.9999999999999
719.9999999999999
711.9999999999999
711.9999999999999
713.3333333333334
705.3333333333334
705.3333333333334
705.3333333333334
705.3333333333334
706.6666666666666
706.6666666666666
707.9999999999999
706.6666666666665
706.6666666666665
706.6666666666665
706.6666666666665
707.9999999999999
707.9999999999999
707.9999999999999
709.3333333333333
709.3333333333333
710.6666666666666
710.6666666666666
712.0
712.0
713.3333333333334
705.3333333333334
705.3333333333334
705.3333333333334
705.3333333333334
700.0
698.6666666666667
698.6666666666667
692.0
692.0
692.0
693.3333333333333
693.3333333333333
693.3333333333333
693.3333333333333
693.3333333333333
694.6666666666667
694.6666666666667
694.6666666666667
694.6666666666667
696.0
700.0
700.0
700.0
700.0
700.0
701.3333333333333
703.9999999999999
703.9999999999999
697.3333333333333
699.9999999999999
701.3333333333334
701.3333333333334
698.6666666666667
698.6666666666667
698.6666666666667
700.0
700.0
700.0
700.0
701.3333333333333
699.9999999999999
699.9999999999999
702.6666666666666
704.0
704.0
705.3333333333334
707.9999999999999
707.9999999999999
707.9999999999999
709.3333333333333
709.3333333333333
709.3333333333333
706.6666666666666
706.6666666666666
706.6666666666666
707.9999999999999
706.6666666666666
706.6666666666666
707.9999999999999
707.9999999999999
706.6666666666666
706.6666666666666
706.6666666666666
706.6666666666666
706.6666666666666
708.0
709.3333333333334
709.3333333333334
709.3333333333334
709.3333333333334
709.3333333333334
709.3333333333334
709.3333333333334
709.3333333333334
709.3333333333334
709.3333333333334
710.6666666666666
710.6666666666666
711.9999999999999
713.3333333333334
713.3333333333334
713.3333333333334
714.6666666666666
714.6666666666666
714.6666666666666
715.9999999999999
707.9999999999999
709.3333333333334
709.3333333333334
709.3333333333334
704.0
704.0
704.0
698.6666666666666
697.3333333333334
697.3333333333334
698.6666666666666
699.9999999999999
699.9999999999999
699.9999999999999
700.0
700.0
701.3333333333334
702.6666666666667
704.0000000000001
705.3333333333335
706.6666666666667
709.3333333333335
709.3333333333335
709.3333333333335
709.3333333333335
710.6666666666667
710.6666666666667
712.0
712.0
712.0
712.0
712.0
712.0
713.3333333333335
713.3333333333335
713.3333333333335
713.3333333333335
714.6666666666667
716.0
717.3333333333334
717.3333333333334
720.0
721.3333333333333
722.6666666666666
724.0
724.0
724.0
725.3333333333334
725.3333333333334
725.3333333333334
725.3333333333334
725.3333333333334
717.3333333333334
717.3333333333334
718.6666666666667
717.3333333333334
712.0
714.6666666666667
714.6666666666667
708.0
708.0
708.0
708.0
708.0
708.0
709.3333333333333
709.3333333333333
709.3333333333333
709.3333333333333
710.6666666666666
710.6666666666666
710.6666666666666
710.6666666666667
712.0000000000001
712.0000000000001
713.3333333333335
713.3333333333335
716.0
716.0
717.3333333333334
717.3333333333335
717.3333333333335
718.6666666666667
720.0
721.3333333333333
721.3333333333333
722.6666666666665
721.3333333333333
722.6666666666666
722.6666666666666
724.0
724.0
724.0
725.3333333333333
722.6666666666667
722.6666666666667
722.6666666666667
722.6666666666667
724.0
724.0
724.0
724.0
726.6666666666666
726.6666666666666
728.0
728.0
728.0
728.0
728.0
728.0
729.3333333333334
730.6666666666667
733.3333333333333
733.3333333333333
734.6666666666667
737.3333333333333
737.3333333333333
740.0
741.3333333333334
