0.0
0.0
0.0
0.0
0.0
0.0
0.0
0.0
0.0
0.0
0.0
0.0
0.0
0.0
0.0
0.0
0.0
0.0
0.0
0.0
0.0
0.0
0.0
0.0
0.0
0.0
0.0
0.0
0.0
0.0
0.0
0.0
0.0
0.0
0.0
0.0
0.0
0.0
0.0
0.0
0.0
0.0
0.0
0.0
0.0
0.0
0.0
0.0
0.0
0.0
0.0
0.0
0.0
0.0
0.0
0.0
0.0
0.0
0.0
0.0
0.0
0.0
0.0
0.0
0.0
0.0
0.0
0.0
0.0
0.0
0.0
0.0
0.0
0.0
0.0
0.0
0.0
0.0
0.0
0.0
0.0
0.0
0.0
0.0
0.0
0.0
0.0
0.0
0.0
0.0
0.0
0.0
0.0
0.0
0.0004166666666666667
0.0004166666666666667
0.0004166666666666667
0.0004166666666666667
0.0004166666666666667
0.0004166666666666667
0.0004166666666666667
0.0004166666666666667
0.0004166666666666667
0.0004166666666666667
0.0004166666666666667
0.0004166666666666667
0.0004166666666666667
0.0004166666666666667
0.0004166666666666667
0.0004166666666666667
0.0004166666666666667
0.0004166666666666667
0.0004166666666666667
0.0004166666666666667
0.0004166666666666667
0.0004166666666666667
0.0004166666666666667
0.0004166666666666667
0.0004166666666666667
0.0004166666666666667
0.0004166666666666667
0.0004166666666666667
0.0004166666666666667
0.0008333333333333334
0.0008333333333333334
0.0008333333333333334
0.0008333333333333334
0.0008333333333333334
0.0008333333333333334
0.0008333333333333334
0.0008333333333333334
0.0008333333333333334
0.0008333333333333334
0.0008333333333333334
0.0008333333333333334
0.0008333333333333334
0.0008333333333333334
0.0008333333333333334
0.0008333333333333334
0.0008333333333333334
0.0008333333333333334
0.0008333333333333334
0.0008333333333333334
0.0008333333333333334
0.0008333333333333334
0.0008333333333333334
0.0008333333333333334
0.0008333333333333334
0.0008333333333333334
0.0008333333333333334
0.0008333333333333334
0.0008333333333333334
0.0008333333333333334
0.0008333333333333334
0.0008333333333333334
0.0008333333333333334
0.0008333333333333334
0.0008333333333333334
0.0008333333333333334
0.0008333333333333334
0.00125
0.00125
0.00125
0.00125
0.00125
0.0011586747011811175
0.0009813191659691447
0.0008333333333333334
0.0008333333333333334
0.0008333333333333334
0.0008333333333333334
0.0008333333333333334
0.0008333333333333334
0.0008333333333333334
0.0008333333333333334
0.0008333333333333334
0.0008333333333333334
0.0008333333333333334
0.0008333333333333334
0.0008333333333333334
0.0008333333333333334
0.0008333333333333334
0.0008333333333333334
0.0008333333333333334
0.0008333333333333334
0.0008333333333333334
0.0008333333333333334
0.0008333333333333334
0.0008333333333333334
0.0008333333333333334
0.0008333333333333334
0.0008333333333333334
0.0008333333333333334
0.0011206302369809957
0.000903309011141251
0.00125
0.00125
0.00125
0.0016666666666666668
0.0016666666666666668
0.0016666666666666668
0.0016666666666666668
0.0016666666666666668
0.0016666666666666668
0.0016666666666666668
0.0016666666666666668
0.0016666666666666668
0.0016666666666666668
0.0020833333333333333
0.0020833333333333333
0.0020833333333333333
0.0020833333333333333
0.0020833333333333333
0.0020833333333333333
0.0020833333333333333
0.0016666666666666668
0.0016666666666666668
0.0016666666666666668
0.0016666666666666668
0.0016666666666666668
0.0016666666666666668
0.0016666666666666668
0.0016666666666666668
0.0016666666666666668
0.0016666666666666668
0.0016666666666666668
0.0020833333333333333
0.0020833333333333333
0.0020833333333333333
0.0020833333333333333
0.0020833333333333333
0.0025
0.002916666666666667
0.002916666666666667
0.002916666666666667
0.003333333333333333
0.003333333333333333
0.003333333333333333
0.003333333333333333
0.003333333333333333
0.003333333333333333
0.003333333333333333
0.003333333333333333
0.003333333333333333
0.003333333333333333
0.002916666666666667
0.0033333333333333335
0.0033333333333333335
0.0037500000000000003
0.0037500000000000003
0.0037500000000000003
0.004166666666666667
0.004166666666666667
0.004166666666666667
0.004166666666666667
0.004166666666666667
0.004166666666666667
0.005
0.005
0.005
0.005416666666666667
0.005416666666666667
0.005416666666666667
0.005416666666666667
0.005416666666666667
0.005416666666666667
0.005416666666666667
0.005416666666666667
0.005416666666666667
0.005152597760707143
0.004780573818498027
0.004583333333333333
0.004583333333333333
0.004583333333333333
0.004583333333333333
0.004583333333333333
0.004583333333333333
0.004583333333333333
0.004583333333333333
0.004583333333333333
0.004583333333333333
0.004583333333333333
0.005
0.005
0.005
0.005416666666666667
0.0053586673251281814
0.005
0.00491048320963778
0.004583333333333333
0.005
0.005
0.005
0.005
0.005
0.005
0.005
0.004583333333333333
0.004583333333333333
0.004583333333333333
0.0043286455820894885
0.004166666666666667
0.004166666666666667
0.004166666666666667
0.004166666666666667
0.004166666666666667
0.004166666666666667
0.004166666666666667
0.004166666666666667
0.004166666666666667
0.004166666666666667
0.004166666666666667
0.004166666666666667
0.004166666666666667
0.004166666666666667
0.004583333333333333
0.004583333333333333
0.004583333333333333
0.004583333333333333
0.004583333333333333
0.004583333333333333
0.004583333333333333
0.004583333333333333
0.004583333333333333
0.005
0.005
0.005
0.0047753706033186825
0.004427092665183135
0.004166666666666667
0.004583333333333333
0.005
0.005
0.005
0.005
0.005
0.005
0.005
0.005
0.005
0.005
0.004679942718407565
0.004467095426372367
0.004166666666666667
0.004166666666666667
0.004321143280358465
0.0037500000000000003
0.0037500000000000003
0.0037500000000000003
0.0037500000000000003
0.0037500000000000003
0.0037500000000000003
0.0037500000000000003
0.0037500000000000003
0.0037500000000000003
0.0035556568108729607
0.003115359642513568
0.002538512650295786
0.0025
0.0025
0.002916666666666667
0.002916666666666667
0.0033333333333333335
0.0033333333333333335
0.0033333333333333335
0.0033333333333333335
0.0033333333333333335
0.0033333333333333335
0.0033333333333333335
0.0033333333333333335
0.0033333333333333335
0.0033333333333333335
0.0033333333333333335
0.0033333333333333335
0.0033333333333333335
0.0033333333333333335
0.0033333333333333335
0.0033333333333333335
0.0033333333333333335
0.0033333333333333335
0.0033333333333333335
0.0033333333333333335
0.0033333333333333335
0.003103568719982898
0.0027023058923223006
0.002916666666666667
0.002916666666666667
0.002916666666666667
0.002916666666666667
0.002916666666666667
0.002916666666666667
0.0033333333333333335
0.0033333333333333335
0.0033333333333333335
0.0033333333333333335
0.0033333333333333335
0.0033333333333333335
0.0032787324704298634
0.003103603492674391
0.002916666666666667
0.002916666666666667
0.002916666666666667
0.0033333333333333335
0.0033333333333333335
0.0033333333333333335
0.0033333333333333335
0.0033333333333333335
0.0033333333333333335
0.0033333333333333335
0.0033333333333333335
0.0033333333333333335
0.0033333333333333335
0.0033333333333333335
0.0033333333333333335
0.0033333333333333335
0.0033333333333333335
0.0033333333333333335
0.0033333333333333335
0.0033333333333333335
0.0033333333333333335
0.0033333333333333335
0.0033333333333333335
0.0037500000000000003
0.0037500000000000003
0.0037500000000000003
0.004166666666666667
0.004166666666666667
0.004166666666666667
0.004166666666666667
0.004166666666666667
0.004583333333333333
0.004583333333333333
0.004583333333333333
0.004583333333333333
0.004583333333333333
0.005
0.005
0.005
0.005
0.00453573665040247
0.004163330043005725
0.004166666666666667
0.004166666666666667
0.0037894446465189637
0.003333333333333333
0.003333333333333333
0.003333333333333333
0.003333333333333333
0.00375
0.004166666666666667
0.004166666666666667
0.004166666666666667
0.004583333333333333
0.004583333333333333
0.004583333333333333
0.004583333333333333
0.004583333333333333
0.004583333333333333
0.005
0.005
0.005
0.005
0.005
0.005833333333333334
0.005833333333333334
0.005833333333333334
0.005833333333333334
0.005833333333333334
0.00625
0.00625
0.00625
0.00625
0.00625
0.00625
0.00625
0.006666666666666667
0.006666666666666667
0.006666666666666667
0.007083333333333334
0.007083333333333334
0.007083333333333334
0.007083333333333334
0.007500000000000001
0.007500000000000001
0.007500000000000001
0.007500000000000001
0.007500000000000001
0.007500000000000001
0.007916666666666667
0.008333333333333333
0.008333333333333333
0.0076897552429791745
0.0072633792327170005
0.007083333333333334
0.007083333333333334
0.006841783467044044
0.006666666666666667
0.00625
0.00625
0.00625
0.00625
0.00625
0.00625
0.00625
0.00625
0.005876695504598
0.005166231860624351
0.004583333333333333
0.005
0.004933960052479241
0.00504995506222924
0.005
0.004881693146760294
0.004583333333333333
0.004583333333333333
0.004583333333333333
0.004583333333333333
0.004583333333333333
0.005
0.005
0.005
0.005
0.005
0.005416666666666667
0.005416666666666667
0.005416666666666667
0.005416666666666667
0.005416666666666667
0.005416666666666667
0.005416666666666667
0.005416666666666667
0.005833333333333334
0.005833333333333334
0.005736479959487582
0.005568227850044356
0.005416666666666667
0.005416666666666667
0.005416666666666667
0.005416666666666667
0.005416666666666667
0.005416666666666667
0.005416666666666667
0.005416666666666667
0.005833333333333334
0.005833333333333334
0.005833333333333334
0.005833333333333334
0.005833333333333334
0.005833333333333334
0.005833333333333334
0.005833333333333334
0.00625
0.006666666666666667
0.006666666666666667
0.006666666666666667
0.006666666666666667
0.007083333333333334
0.007083333333333334
0.007083333333333334
0.007083333333333334
0.007083333333333334
0.006827942017144371
0.006438041013625375
0.00625
0.00625
0.006435691245119462
0.00625
0.00625
0.0059362055613685245
0.005833333333333334
0.005833333333333334
0.005833333333333334
0.00625
0.00625
0.00625
0.006442101983522122
0.00646447692419928
0.00625
0.006666666666666667
0.006288716369458457
0.005833333333333334
0.005833333333333334
0.005833333333333334
0.00625
0.00625
0.007083333333333334
0.007083333333333334
0.007083333333333334
0.007083333333333334
0.007083333333333334
0.007083333333333334
0.007500000000000001
0.007500000000000001
0.007500000000000001
0.007500000000000001
0.007500000000000001
0.007500000000000001
0.007500000000000001
0.007916666666666667
0.007916666666666667
0.007916666666666667
0.007916666666666667
0.008333333333333333
0.008333333333333333
0.008333333333333333
0.008333333333333333
0.008333333333333333
0.008333333333333333
0.008333333333333333
0.008333333333333333
0.008333333333333333
0.008333333333333333
0.008333333333333333
0.007882325477963975
0.0071212730191799675
0.006666666666666667
0.007083333333333334
0.006874643493034635
0.006666666666666667
0.006536886952472913
0.00625
0.00625
0.00625
0.00625
0.00625
0.00625
0.00625
0.00625
0.00625
0.00625
0.00625
0.007083333333333334
0.007083333333333334
0.007083333333333334
0.007083333333333334
0.007083333333333334
0.0075
0.0075
0.0075
0.007916666666666667
0.008333333333333333
0.008207517121002202
0.008000280924107926
0.007916666666666666
0.008333333333333333
0.008333333333333333
0.008333333333333333
0.008333333333333333
0.008333333333333333
0.008333333333333333
0.008333333333333333
0.008333333333333333
0.008333333333333333
0.008333333333333333
0.008749999999999999
0.008749999999999999
0.008749999999999999
0.008749999999999999
0.008749999999999999
0.008749999999999999
0.008749999999999999
0.008749999999999999
0.008749999999999999
0.008749999999999999
0.008749999999999999
0.008749999999999999
0.008749999999999999
0.008749999999999999
0.008749999999999999
0.009583333333333333
0.009583333333333333
0.009583333333333333
0.009583333333333333
0.009583333333333333
0.009583333333333333
0.010416666666666666
0.010833333333333332
0.011666666666666667
0.011666666666666667
0.012083333333333333
0.012083333333333333
0.012499999999999999
0.012499999999999999
0.011977405455329375
0.011072373341698354
0.010416666666666666
0.010416666666666666
0.010481739237822125
0.009583333333333334
0.009583333333333334
0.009556437138386316
0.009583333333333333
0.009583333333333333
0.009583333333333333
0.009999999999999998
0.009999999999999998
0.009999999999999998
0.00991027534857926
0.009745281113883654
0.009583333333333333
0.009583333333333333
0.009583333333333333
0.009583333333333333
0.009583333333333333
0.009583333333333333
0.009583333333333333
0.009583333333333333
0.009583333333333333
0.01
0.01
0.01
0.009932412277222075
0.010188122965418718
0.009999999999999998
0.009999999999999998
0.009999999999999998
0.009999999999999998
0.009999999999999998
0.010416666666666666
0.010416666666666666
0.010416666666666666
0.010833333333333334
0.010833333333333334
0.010833333333333334
0.01125
0.01125
0.01125
0.01125
0.01125
0.01125
0.01125
0.01125
0.011666666666666667
0.011666666666666667
0.011666666666666667
0.011666666666666667
0.011666666666666667
0.011666666666666667
0.011666666666666667
0.011495744160016889
0.011143127752021078
0.010833333333333334
0.010833333333333334
0.010833333333333334
0.010833333333333334
0.010833333333333334
0.010833333333333334
0.010833333333333334
0.010833333333333334
0.011250000000000001
0.011666666666666667
0.011666666666666667
0.012083333333333335
0.012916666666666667
0.012916666666666667
0.013333333333333332
0.013333333333333332
0.013333333333333332
0.01375
0.014166666666666666
0.014166666666666666
0.014166666666666666
0.014166666666666666
0.014166666666666666
0.014583333333333334
0.014583333333333334
0.014583333333333334
0.014091663828760839
0.013278521655817116
0.012916666666666667
0.012916666666666667
0.012555556332454528
0.012083333333333333
0.012083333333333333
0.012083333333333333
0.012083333333333333
0.012083333333333333
0.012083333333333333
0.012083333333333333
0.012083333333333333
0.012083333333333333
0.011693501649771567
0.010899093851115147
0.010416666666666666
0.010416666666666666
0.009372759293891817
0.00792237804709912
0.007916666666666667
0.007001290599203894
0.007083333333333334
0.007083333333333334
0.007083333333333334
0.007083333333333334
0.007083333333333334
0.007083333333333334
0.007083333333333334
0.007083333333333334
0.007083333333333334
0.007083333333333334
0.007083333333333334
0.007083333333333334
0.007500000000000001
0.007500000000000001
0.007500000000000001
0.007500000000000001
0.007916666666666667
0.007916666666666667
0.007916666666666667
0.007916666666666667
0.007916666666666667
0.00875
0.00875
0.00875
0.00875
0.00875
0.009166666666666667
0.009583333333333334
0.01
0.01
0.010416666666666666
0.010416666666666666
0.010416666666666666
0.010416666666666666
0.010416666666666666
0.010416666666666666
0.010416666666666666
0.010833333333333334
0.010833333333333334
0.010833333333333334
0.010678727011442353
0.010312063490994831
0.01
0.01
0.009818949280120583
0.009226678693813151
0.009166666666666667
0.009166666666666667
0.009166666666666667
0.009166666666666667
0.009166666666666667
0.009166666666666667
0.009166666666666667
0.009583333333333333
0.009602112881221434
0.008847969047058854
0.008333333333333333
0.008333333333333333
0.007845990910333105
0.007083333333333334
0.007083333333333334
0.0075
0.0075
0.0075
0.0075
0.0075
0.0075
0.0075
0.0075
0.0075
0.0075
0.0075
0.0075
0.007916666666666667
0.007916666666666667
0.007916666666666667
0.007916666666666667
0.007916666666666667
0.007916666666666667
0.008333333333333333
0.008333333333333333
0.008333333333333333
0.00875
0.00875
0.009166666666666667
0.009583333333333334
0.01
0.01
0.01
0.01
0.01
0.01
0.01
0.010416666666666666
0.010416666666666666
0.010416666666666666
0.00965335777548654
0.008441365199728636
0.008333333333333333
0.008333333333333333
0.007536463117143323
0.007083333333333333
0.007083333333333333
0.007083333333333333
0.007083333333333333
0.007083333333333333
0.007083333333333333
0.007083333333333333
0.007083333333333333
0.007083333333333333
0.007083333333333333
0.007500000000000001
0.007500000000000001
0.007500000000000001
0.007500000000000001
0.007916666666666666
0.007916666666666666
0.008333333333333333
0.00875
0.00875
0.00875
0.00875
0.00875
0.00875
0.008671721094810332
0.008926698488356474
0.009166666666666667
0.009166666666666667
0.009166666666666667
0.009166666666666667
0.009166666666666667
0.009166666666666667
0.009166666666666667
0.00875
0.00875
0.009166666666666667
0.009166666666666667
0.010416666666666666
0.010416666666666666
0.010833333333333332
0.010833333333333334
0.010833333333333334
0.010833333333333334
0.010833333333333334
0.010833333333333334
0.010833333333333334
0.010833333333333334
0.010833333333333334
0.010833333333333334
0.012083333333333335
0.012083333333333335
0.012083333333333335
0.012083333333333335
0.012083333333333335
0.0125
0.0125
0.012916666666666668
0.012916666666666668
0.013333333333333334
0.013333333333333334
0.013333333333333334
0.013333333333333334
0.01307426318193589
0.012666587240849207
0.012916666666666667
0.012916666666666667
0.013333333333333334
0.013333333333333334
0.01375
0.01375
0.01375
0.014166666666666668
0.014166666666666668
0.014583333333333335
0.015000000000000001
0.015416666666666667
0.015277575970192553
0.015076706657595347
0.015
0.015
0.015
0.015416666666666667
0.015416666666666667
0.015416666666666667
0.01625
0.017083333333333332
0.0175
0.0175
0.0175
0.0175
0.016884737982430363
0.01589452033983367
0.015416666666666667
0.015416666666666667
0.01447838074735292
0.01353028963864702
0.01375
0.013547897548412352
0.012916666666666667
0.012916666666666667
0.012916666666666667
0.012916666666666667
0.012916666666666667
0.013333333333333334
0.012679296463178285
0.011559401900248881
0.01125
0.01125
0.010676733811320314
0.009653661984481013
0.009583333333333334
0.00971258156485132
0.009583333333333334
0.009353509864138838
0.009166666666666667
0.009166666666666667
0.009166666666666667
0.009166666666666667
0.009166666666666667
0.009166666666666667
0.009166666666666667
0.009583333333333334
0.01
0.01
0.010416666666666668
0.010416666666666668
0.010833333333333334
0.011250000000000001
0.011250000000000001
0.011666666666666667
0.011666666666666667
0.012083333333333333
0.012083333333333333
0.012083333333333333
0.012083333333333333
0.012083333333333333
0.012083333333333333
0.012916666666666667
0.012916666666666667
0.012916666666666667
0.012916666666666667
0.013333333333333334
0.012602453500492791
0.011460050945459046
0.010833333333333334
0.010833333333333334
0.01093029046109197
0.010020346793434763
0.01
0.010686056919907686
0.010833333333333334
0.010833333333333334
0.010833333333333334
0.010833333333333334
0.010833333333333334
0.010833333333333334
0.010833333333333334
0.010833333333333334
0.011250000000000001
0.011250000000000001
0.011250000000000001
0.011666666666666667
0.011666666666666667
0.012083333333333333
0.012083333333333333
0.0125
0.0125
0.0125
0.0125
0.012916666666666668
0.013095108275521019
0.013099929892689242
0.012916666666666667
0.012916666666666667
0.012499999999999999
0.0125
0.0125
0.0125
0.012916666666666668
0.01321122424768735
0.013333333333333334
0.013333333333333334
0.01375
0.01375
0.013669207384830183
0.013491733486061728
0.01375
0.01375
0.013686101933341613
0.014190219890856838
0.014166666666666666
0.014166666666666666
0.014166666666666666
0.014166666666666668
0.014166666666666668
0.014166666666666668
0.015000000000000001
0.015000000000000001
0.01487506365656796
0.014667282636510804
0.014583333333333334
0.015
0.014741218831823336
0.014583333333333334
0.014583333333333334
0.014225351975699548
0.014166666666666666
0.014166666666666666
0.014583333333333334
0.014583333333333334
0.014583333333333334
0.015000000000000001
0.015208264314809442
0.014801980429168783
0.014166666666666668
0.014166666666666668
0.014166666666666668
0.014166666666666668
0.014166666666666668
0.01445269234607225
0.014166666666666666
0.014166666666666666
0.01375
0.01375
0.01375
0.014166666666666668
0.01393231640166139
0.012770108309922137
0.012083333333333333
0.012499999999999999
0.01183909741741229
0.010776947433641226
0.010416666666666668
0.010004067407490056
0.009166666666666667
0.009166666666666667
0.009166666666666667
0.009166666666666667
0.009166666666666667
0.009166666666666667
0.009166666666666667
0.009166666666666667
0.009166666666666667
0.009583333333333333
0.009583333333333333
0.01
0.01
0.01
0.01
0.01
0.01
0.01
0.01
0.01
0.009756038311764845
0.009382838166566529
0.009166666666666667
0.009583333333333333
0.01
0.010416666666666668
0.010416666666666668
0.010416666666666668
0.010416666666666668
0.010416666666666668
0.010416666666666668
0.010416666666666668
0.010416666666666668
0.010833333333333334
0.010833333333333334
0.010833333333333334
0.010833333333333334
0.010833333333333334
0.010833333333333334
0.010833333333333334
0.010833333333333334
0.01125
0.01125
0.011666666666666665
0.011666666666666665
0.011666666666666665
0.011666666666666665
0.011666666666666665
0.011390288295278357
0.01137664095414859
0.01125
0.01125
0.01125
0.011666666666666665
0.011666666666666665
0.0125
0.0125
0.0125
0.0125
0.0125
0.0125
0.0125
0.0125
0.0125
0.0125
0.0125
0.0125
0.0125
0.0125
0.0125
0.013333333333333332
0.013333333333333332
0.013333333333333332
0.013749999999999998
0.013749999999999998
0.013749999999999998
0.013749999999999998
0.013749999999999998
0.014166666666666668
0.014583333333333334
0.014583333333333334
0.015000000000000001
0.015000000000000001
0.015000000000000001
0.015416666666666669
0.015416666666666669
0.015416666666666669
0.015833333333333335
0.015833333333333335
0.015833333333333335
0.015833333333333335
0.015833333333333335
0.015833333333333335
0.015833333333333335
0.015833333333333335
0.01625
0.016110531140434245
0.015905751646996084
0.016666666666666666
0.016666666666666666
0.016666666666666666
0.016666666666666666
0.017083333333333336
0.017083333333333336
0.017083333333333336
0.017083333333333336
0.017113744366234064
0.0175
0.0175
0.018333333333333333
0.01875
0.018333333333333333
0.018333333333333333
0.018333333333333333
0.018333333333333333
0.018333333333333333
0.018333333333333333
0.01875
0.01916666666666667
0.01916666666666667
0.019583333333333335
0.02
0.02
0.02
0.02
0.02
0.02
0.020416666666666666
0.020416666666666666
0.02125
0.02125
0.02125
0.02125
0.02125
0.02125
0.02125
0.02125
0.02125
0.02125
0.02125
0.02125
0.021666666666666667
0.021666666666666667
0.021666666666666667
0.02166666666666667
0.02166666666666667
0.02166666666666667
0.02166666666666667
0.022083333333333333
0.022083333333333333
0.021479162081861056
0.020360016610990822
0.019583333333333335
0.019583333333333335
0.019016750116613208
0.01834712666912095
0.01875
0.018245865387193153
0.017916666666666668
0.0178363626426049
0.018333333333333333
0.01875
0.01875
0.01875
0.01863994110809032
0.018448518788109596
0.018750000000000003
0.019166666666666665
0.019166666666666665
0.019166666666666665
0.019166666666666665
0.019166666666666665
0.019166666666666665
0.019166666666666665
0.019166666666666665
0.019166666666666665
0.019583333333333335
0.019583333333333335
0.019565662886258762
0.0196314437849992
0.019166666666666665
0.019166666666666665
0.01875838713061828
0.01833333333333333
0.01833333333333333
0.01875
0.01875
0.01875
0.01875
0.01875
0.01875
0.01875
0.01833491012776516
0.01875
0.019166666666666665
0.01958333333333333
0.01958333333333333
0.01958333333333333
0.01958333333333333
0.01958333333333333
0.02
0.02
0.02
0.02
0.02
0.02
0.019919862832975678
0.020169120806632898
0.02
0.02
0.02
0.02
0.02
0.020416666666666666
0.02125
0.022083333333333333
0.022083333333333333
0.022083333333333333
0.022083333333333333
0.022083333333333333
0.021693302176049534
0.020961893588637575
0.020416666666666666
0.020416666666666666
0.021010032844602913
0.020833333333333332
0.020833333333333332
0.02125
0.02125
0.02125
0.021666666666666667
0.021666666666666667
0.021666666666666667
0.021666666666666667
0.02155330485549203
0.02135850163153713
0.021666666666666667
0.021666666666666667
0.021666666666666667
0.022083333333333333
0.022083333333333333
0.022398318025957896
0.022083333333333333
0.0225
0.0225
0.02291666666666667
0.02291666666666667
0.022866304345596073
0.023160961925209535
0.022979155460316567
0.02291666666666667
0.02291666666666667
0.023333333333333334
0.023333333333333334
0.023333333333333334
0.023333333333333334
0.023333333333333334
0.02291666666666667
0.02291666666666667
0.02291666666666667
0.02291666666666667
0.02375
0.02375
0.024166666666666663
0.024166666666666663
0.024166666666666663
0.024166666666666663
0.024583333333333332
0.024583333333333332
0.024583333333333332
0.024583333333333332
0.024583333333333332
0.024583333333333332
0.025
