0.0
0.0
0.0
0.0
0.0
0.0
0.0
0.0
0.0
0.0
0.0
0.0004166666666666667
0.0008333333333333334
0.0008333333333333334
0.0008333333333333334
0.0008333333333333334
0.0008333333333333334
0.0008333333333333334
0.0008333333333333334
0.0008333333333333334
0.0008333333333333334
0.0008333333333333334
0.0008333333333333334
0.0008333333333333334
0.0008333333333333334
0.0008333333333333334
0.00125
0.00125
0.00125
0.00125
0.00125
0.00125
0.0016666666666666668
0.0016666666666666668
0.0016666666666666668
0.0020833333333333333
0.0020833333333333333
0.0020833333333333333
0.0020833333333333333
0.0020833333333333333
0.0020833333333333333
0.0025
0.0025
0.0025
0.0025
0.0025
0.0025
0.0025
0.0025
0.0025
0.002916666666666667
0.002916666666666667
0.002916666666666667
0.002916666666666667
0.0033333333333333335
0.0033333333333333335
0.0037500000000000003
0.0037500000000000003
0.004166666666666667
0.004166666666666667
0.004583333333333333
0.005
0.005
0.005
0.005
0.005
0.005
0.005
0.005
0.005
0.005416666666666667
0.005833333333333334
0.005833333333333334
0.005833333333333334
0.005833333333333334
0.005833333333333334
0.005833333333333334
0.005833333333333334
0.005833333333333334
0.005833333333333334
0.005833333333333334
0.005673273556358547
0.005732698883945876
0.00541922477485997
0.005833333333333334
0.005833333333333334
0.005833333333333334
0.005833333333333334
0.005833333333333334
0.005416666666666667
0.005416666666666667
0.005416666666666667
0.005833333333333334
0.006666666666666667
0.007083333333333334
0.007083333333333334
0.0075
0.007916666666666666
0.008333333333333333
0.008749999999999999
0.009583333333333333
0.009583333333333333
0.009583333333333333
0.009583333333333333
0.01
0.01
0.010416666666666668
0.010833333333333334
0.010833333333333334
0.010739507660230695
0.01053340457128878
0.010416666666666666
0.010416666666666666
0.010416666666666666
0.010416666666666666
0.010327717307981214
0.01
0.01
0.009583333333333333
0.009583333333333333
0.010416666666666666
0.010416666666666666
0.011250000000000001
0.010946053378919204
0.010439398830334332
0.01
0.01
0.009738063463017569
0.009166666666666667
0.009583333333333334
0.010833333333333334
0.010833333333333334
0.010833333333333334
0.010833333333333334
0.010833333333333334
0.010833333333333334
0.01125
0.011441043851150284
0.01107377472803168
0.01125
0.01125
0.011666666666666667
0.011666666666666667
0.01125
0.01125
0.011666666666666667
0.011666666666666667
0.012083333333333333
0.012083333333333333
0.012916666666666667
0.012916666666666667
0.012916666666666667
0.012787109000407752
0.0125
0.0125
0.0125
0.013333333333333332
0.01375
0.014583333333333334
0.015416666666666667
0.015416666666666667
0.015416666666666667
0.01625
0.01625
0.01666666666666667
0.01643212337771951
0.0163022968261058
0.015833333333333335
0.015833333333333335
0.016128564580794147
0.016666666666666666
0.01625
0.01625
0.017083333333333332
0.0175
0.0175
0.017916666666666668
0.018333333333333333
0.019166666666666665
0.02
0.019999999999999997
0.020416666666666666
0.020833333333333336
0.021249999999999998
0.021249999999999998
0.021666666666666664
0.022083333333333333
0.0225
0.02375
0.02375
0.024999999999999994
0.025
0.025416666666666667
0.025833333333333333
0.02625
0.02666666666666667
0.02666666666666667
0.02708333333333333
0.0275
0.0275
0.0275
0.02791666666666667
0.02791666666666667
0.02791666666666667
0.02791666666666667
0.027916666666666666
0.028333333333333332
0.029166666666666667
0.029166666666666667
0.029166666666666667
0.029166666666666667
0.029166666666666667
0.030000000000000002
0.03166666666666667
0.03208333333333334
0.03291666666666667
0.03416666666666667
0.034583333333333334
0.035416666666666666
0.035416666666666666
0.035833333333333335
0.036250000000000004
0.036250000000000004
0.03666666666666667
0.037083333333333336
0.037083333333333336
0.03791666666666667
0.03833333333333334
0.03833333333333333
0.03958333333333333
0.04
0.04041666666666667
0.041249999999999995
0.042083333333333334
0.042083333333333334
0.042916666666666665
0.04333333333333333
0.04389087984406533
0.04312153973909541
0.0425
0.0425
0.04233432078733523
0.04101342289565049
0.04125
0.04042704576411955
0.039242988358342376
0.039908584592822365
0.039451454601192475
0.04000000000000001
0.04041666666666667
0.04083333333333334
0.04125
0.04166666666666667
0.04166666666666667
0.04166666666666667
0.042499999999999996
0.043333333333333335
0.04375
0.04416666666666667
0.044583333333333336
0.044583333333333336
0.04489794088290483
0.04515754855704453
0.04583333333333334
0.04625
0.046225670625825326
0.04675544866377604
0.046666666666666676
0.047423409229918514
0.04708333333333334
0.04791666666666668
0.04875
0.049166666666666664
0.05
0.050416666666666665
0.049823145247633045
0.049128468066450076
0.04917623852264899
0.04958333333333333
0.048757845324533984
0.04725196325566831
0.04875
0.047481436382792785
0.04760570418428134
0.04823553200309734
0.04652407135530717
0.04666666666666667
0.0468384823074799
0.04625
0.0462385580724729
0.045060875164356785
0.04458333333333332
0.04376885556082749
0.042960986841928846
0.042499999999999996
0.042916666666666665
0.043333333333333335
0.043750000000000004
0.044166666666666674
0.04444196175355558
0.044554750660817544
0.044166666666666674
0.044583333333333336
0.04496661880746396
0.04519770969714645
0.045
0.045
0.04469579486289684
0.044583333333333336
0.04583333333333334
0.04583333333333334
0.04583333333333334
0.04625
0.04609950867409824
0.04586511356575731
0.045
0.04541666666666667
0.0462671608518655
0.04434454928422271
0.04458333333333333
0.044321960389644095
0.042916666666666665
0.04375
0.04416666666666667
0.04416666666666667
0.04416666666666667
0.04416666666666667
0.04532378232721171
0.04513757795020287
0.04541666666666667
0.04666666666666666
0.047083333333333324
0.04833333333333333
0.04916666666666667
0.04958333333333333
0.050416666666666665
0.05123944286919296
0.05125
0.05166666666666666
0.05291666666666667
0.05375
0.05432500341973065
0.0531328290900754
0.053333333333333344
0.053750000000000006
0.05376069466097116
0.05298644220059773
0.05333333333333334
0.0524975160522808
0.05134276883798458
0.05166666666666667
0.052083333333333336
0.052500000000000005
0.053750000000000006
0.053691493958275244
0.053418455849937325
0.053098554974414264
0.05291666666666667
0.05416666666666667
0.05375006053709279
0.05333324504905265
0.0545755557999842
0.05380961756910456
0.053651301346419565
0.05416666666666667
0.05416666666666667
0.055
0.055
0.0554142607939538
0.05508776301259588
0.05430106598580031
0.05416666666666667
0.05455323301591364
0.0533757444951177
0.053022408850791285
0.05333333333333334
0.052358152646387525
0.050981868521927175
0.051666666666666666
0.0525
0.05333333333333333
0.05374999999999999
0.05458333333333333
0.055172795412884626
0.05478368449855984
0.05583333333333333
0.05583333333333333
0.05658728108033439
0.05666666666666667
0.05708333333333333
0.0573669976589303
0.058333333333333334
0.05916666666666667
0.05958333333333333
0.06041666666666666
0.059984669906299616
0.059748291786647076
0.05958333333333333
0.06046059161895621
0.060833333333333336
0.060990003170397815
0.06166666666666667
0.06208333333333334
0.06291666666666668
0.06333333333333332
0.06333333333333334
0.06333333333333334
0.06375
0.06416666666666666
0.06416666666666666
0.06416666666666666
0.06416666666666666
0.06458333333333334
0.065
0.06583333333333333
0.06625
0.06666666666666667
0.06753678388507844
0.06711639118709584
0.06708333333333333
0.06791666666666667
0.06700540230123764
0.06708333333333333
0.06833333333333333
0.06822207741324535
0.06762798415701032
0.0675
0.06791666666666667
0.06833333333333333
0.06916666666666668
0.07
0.071092300608329
0.07212449068604343
0.07333333333333333
0.07416666666666667
0.07541666666666666
0.07541666666666666
0.07666666666666666
0.0775
0.07958333333333333
0.08083333333333333
0.08166666666666667
0.08208333333333334
0.08291666666666667
0.08458333333333333
0.08458333333333333
0.08666666666666667
0.08750000000000001
0.08791666666666667
0.09
0.09083333333333335
0.09166666666666666
0.0925
0.0925
0.09375
0.09378985296354345
0.09462470046930566
0.09416666666666668
0.095
0.09386355489051089
0.09381545303373315
0.09375
0.09366850262695933
0.0925
0.09291666666666668
0.09333333333333332
0.09458333333333334
0.09583333333333334
0.09583333333333334
0.09640495948118233
0.09625
0.09708333333333333
0.09916666666666665
0.10041666666666665
0.10166666666666666
0.10333333333333333
0.10458333333333332
0.10666666666666666
0.10708333333333332
0.10833333333333334
0.10958333333333334
0.10958333333333334
0.11166666666666666
0.11208333333333334
0.11374999999999999
0.11374999999999999
0.11333333333333333
0.11458333333333333
0.11499999999999999
0.11583333333333333
0.11666666666666667
0.11750000000000001
0.11791666666666667
0.11811444656531878
0.11825959275963066
0.11791666666666667
0.11833333333333332
0.11763693204255457
0.11673532608716146
0.11708333333333333
0.11666886797362885
0.11589639316211976
0.11708333333333333
0.1175
0.11833333333333333
0.11833333333333333
0.11958333333333333
0.12062367994820442
0.12107099093685017
0.12291666666666667
0.12375
0.12440947925439898
0.125
0.12541666666666668
0.12574815375765255
0.12708333333333333
0.12749999999999997
0.12833333333333335
0.12875
0.12875
0.12916666666666665
0.12938972051109257
0.12866097007159602
0.12833333333333333
0.12916666666666665
0.12949311043829584
0.12894956034963803
0.13
0.12999666575938557
0.12963587482897598
0.12999999999999998
0.13041666666666665
0.13125
0.13166666666666668
0.13291666666666668
0.13388141948449495
0.13385995724224012
0.13458333333333333
0.135
0.13547513636880795
0.13666666666666666
0.1375
0.13739006355144784
0.1375
0.13875
0.13916666666666666
0.13958333333333334
0.14039697729389636
0.14083333333333334
0.14282560687085866
0.14295142953005005
0.14346502939598127
0.14342679908501366
0.14375000000000002
0.14500000000000002
0.14583333333333334
0.14666666666666667
0.1475
0.14750000000000002
0.14765248556339278
0.1480816560505891
0.14833333333333332
0.14916666666666667
0.1501378412231038
0.15125
0.15125
0.15314636085359457
0.15291666666666667
0.155
0.15541666666666668
0.15749999999999997
0.15875
0.15958333333333333
0.1605753165373343
0.16023448712719518
0.16041666666666668
0.16125
0.1606907226951257
0.16091861217321127
0.16166666666666665
0.16054213891553903
0.16066464866121075
0.16125
0.1620833333333333
0.16208333333333336
0.16250000000000003
0.16333333333333333
0.16356897802740916
0.1644698307305978
0.16541666666666666
0.16541666666666666
0.16603081930944466
0.16625
0.16791666666666666
0.16773292110996454
0.16884387786905494
0.16874999999999998
0.17
0.17083333333333334
0.17125
0.1716666666666667
0.17217286363359866
0.17094382391656956
0.17125
0.1725
0.17178069768340506
0.17083333333333334
0.17250000000000001
0.17222839536915496
0.17124999999999999
0.17152079672833026
0.1703934190584285
0.17291666666666666
0.1735735281173576
0.1725
0.1738900180128844
0.1731201295538976
0.17415326654814794
0.1724507077915169
0.17250000000000001
0.17166666666666666
0.1725
0.17375
0.17416666666666666
0.175
0.17522896866617338
0.17651359382518722
0.1775
0.17791666666666667
0.17778234351615707
0.17757806878219493
0.17833333333333334
0.179462582936594
0.18041666666666667
0.18083333333333335
0.18166666666666667
0.18375000000000002
0.1841666666666667
0.18666666666666668
0.18638068636746324
0.18691472994995426
0.18625
0.18708333333333332
0.18726389722487258
0.1863604696072539
0.18708333333333335
0.18683888252993278
0.1859181971400504
0.18583333333333332
0.18666666666666665
0.18666666666666665
0.18708333333333332
0.18791666666666665
0.1890362844524383
0.189108124710796
0.19083333333333335
0.19166666666666668
0.19153239473464578
0.19171320556933208
0.19166666666666668
0.19291666666666668
0.19352718058385743
0.19416666666666665
0.19457996941536726
0.19458333333333333
0.19583333333333333
0.19587390188217044
0.1975
0.19833333333333336
0.2
0.2
0.2
0.2008333333333333
0.20166666666666666
0.20208333333333334
0.20416666666666666
0.20458333333333334
0.20470686970344731
0.20475457512339584
0.20416666666666666
0.20458333333333334
0.20468429447314482
0.20418428199194924
0.20498732892408275
0.20435275019282662
0.20416666666666666
0.20593384941793166
0.20473412657215323
0.2057211310243325
0.2055000855385017
0.20500000000000002
0.20546734927044358
0.2043599164422258
0.20456748174135236
0.20367551678646476
0.20416666666666666
0.20408243148077204
0.20311425899336596
0.2036334664898209
0.20267381860006575
0.20310983845745337
0.2022784661739828
0.2019417915928425
0.20196982788041512
0.20222033693702812
0.20166666666666666
0.20067728129949042
0.20166666666666666
0.20291666666666666
0.20375
0.20541475407107423
0.20561843086246445
0.20565948860539285
0.20583333333333337
0.20833333333333331
0.20855720716741394
0.20875000000000002
0.21041666666666667
0.21123348619697283
0.2109250936100187
0.21250000000000002
0.21416666666666667
0.21583333333333332
0.21708333333333332
0.21791666666666668
0.21855328618106215
0.21815166163452057
0.21875
0.21875
0.21999999999999997
0.22052722293215526
0.22249999999999998
0.22289287153973564
0.22333333333333336
0.22375
0.22458333333333333
0.22541666666666665
0.22625
0.22708333333333333
0.228129536013849
0.22900974368168442
0.23000000000000004
0.2308333333333334
0.23106558854272655
0.23215775197013525
0.2333333333333333
0.23392552219824284
0.23416666666666666
0.23500000000000001
0.23541666666666666
0.2375
0.2383333333333333
0.23875
0.23932613178931095
0.238986644813768
0.24
0.24
0.24033847874852382
0.24014598794058192
0.24083333333333334
0.24148536017648442
0.24098055757475936
0.24124999999999996
0.24291666666666667
0.24375000000000002
0.24583333333333335
0.2475
0.24766883838799622
0.24770119731865584
0.24833333333333332
0.2504166666666667
0.2516225731582702
0.25091822033541217
0.2520833333333333
0.2516431475665347
0.2520833333333333
0.2525
0.25333333333333335
0.2545833333333334
0.255
0.25625
0.2564317776415762
0.25810764098613803
0.2579166666666667
0.26
0.2608635904019437
0.26208333333333333
0.26375
0.26430450318846893
0.2650211396431702
0.26625
0.26666666666666666
0.2675
0.26875000000000004
0.26958333333333334
0.27110328687481255
0.2703782703646159
0.2725000000000001
0.27375
0.2735536127086793
0.2735713008886833
0.27458333333333335
0.2748630578600985
0.27518827919945543
0.27708333333333335
0.2783333333333333
0.2791666666666667
0.2808333333333333
0.2820833333333333
0.28268469297801546
0.2835228842418394
0.2841666666666667
0.28583333333333333
0.2869733827114289
0.28837831203183717
0.2895833333333333
0.2906323079456122
0.29000000000000004
0.29166666666666663
0.2925
0.29333333333333333
0.295
0.29583333333333334
0.29595395670630165
0.29602362413946215
0.2970833333333333
0.29833333333333334
0.2981056004369802
0.2971412622385671
0.2983333333333333
0.2986529247167404
0.29833333333333334
0.2994929688998872
0.299843532561927
0.30041666666666667
0.3022659382330417
0.3026600779936535
0.3028953184096612
0.3023744847641871
0.30249413232313105
0.30237829730064125
0.30291666666666667
0.30291666666666667
0.3045833333333333
0.30583333333333335
0.30625
0.3075
0.3080845477304796
0.30808986740534755
0.31000000000000005
0.3104166666666667
0.3110418628184146
0.3113199369631499
0.3120833333333334
0.31225669614434093
0.31375000000000003
0.3141666666666667
0.31625
0.3166666666666667
0.3179166666666667
0.31958333333333333
0.31966392631113977
0.3188659812259108
0.32083333333333336
0.32208333333333333
0.32216495597885453
0.3225120237001503
0.32291666666666674
0.32320322028856485
0.32333333333333336
0.3238892613291076
0.3227803671525122
0.32333333333333336
0.3228640561088694
0.32333333333333336
0.32345529740121515
0.3225299405973069
0.32369433745405385
0.3234491308489905
0.3236985229790241
0.3232735871649621
0.32372143671952386
0.3230986444117939
0.3229573139651725
0.3226550982650037
0.32304764849491513
0.323477750942155
0.3228888014791134
0.32291666666666663
0.323031693327097
0.3225
0.32458333333333333
0.325
0.32625
0.32625
0.3277106599586009
0.3286043416948079
0.32875
0.3304166666666667
0.33062575869504884
0.33177745056158564
0.3325
0.33428923151683876
0.33420102030075705
0.33499999999999996
0.33625000000000005
0.33666666666666667
0.33666666666666667
0.33787435265136656
0.3376524329850676
0.33773197826075446
0.3387544375742205
0.34041666666666665
0.3404223298656521
0.3405863042252988
0.3416666666666667
0.34269225974635686
0.3429724404021088
0.34291666666666665
0.34333333333333327
0.3441666666666666
0.3445833333333333
0.34625
0.3477892222706818
0.3491168751209671
0.35041666666666665
0.35083333333333333
0.35205169533796926
0.35226759817789366
0.35416666666666663
0.35573055734728876
0.35625
0.3575
0.3591666666666667
0.36000000000000004
0.3604166666666667
0.3616666666666667
0.36097757626654975
0.3618989926566404
0.3620833333333333
0.36249999999999993
0.362552130076565
0.3616778594120213
0.3620833333333333
0.3614314505168859
0.36001655194371796
0.3608096874980985
0.36020546089633265
0.36166666666666664
0.36136193561763563
0.36053381284443864
0.3604698804248336
0.35963399838582555
0.36159137355298154
0.3608295604158576
0.3599768796383649
0.36041666666666666
0.36125
0.3620833333333333
0.3629166666666667
0.365
0.36641632384841183
0.3672885391144015
0.36791666666666667
0.36916666666666664
0.36997109420754315
0.37083333333333335
0.3729166666666667
0.3740939360086162
0.3745833333333334
0.3754166666666666
0.37583333333333335
0.3775
0.3783333333333333
0.37875000000000003
0.37922220372906407
0.3796718083019912
0.38
0.3804166666666667
0.38082580631034535
0.3816666666666667
0.3825
0.3821253494468345
0.382160042159399
0.3820615629196204
0.3815499716220202
0.38083333333333336
0.3819417161747277
0.38302477896531123
0.38433513167738154
0.38342151799013324
0.38458261339747735
0.3856531841429475
0.3852347725051464
0.38500000000000006
0.38541666666666674
0.3866666666666667
0.38749999999999996
0.38916666666666666
0.38851024650293087
0.3890256102378885
0.3895833333333334
0.39083333333333337
0.39216210312062416
0.39223704663372805
0.39249999999999996
0.3926734142558175
0.3921479533813885
0.39375000000000004
0.395
0.39708333333333334
0.39791666666666664
0.39875
0.39851179601672143
0.399069183507089
0.39958333333333335
0.40125000000000005
0.4027543482920777
0.40115004620725786
0.40375000000000005
0.40380857263214803
0.40385876648501334
0.4045681949725951
0.4040447409807433
0.40374999999999994
0.40383082829643135
0.40270978208250097
0.4029919945930508
0.4019350496927306
0.4013698679829424
0.40125
0.399939969918001
0.4004166666666667
0.4008333333333334
0.4008333333333334
0.40208333333333335
0.40291666666666665
0.40308409138316065
0.4035380796913155
0.4041666666666667
0.40541666666666665
0.4071356518555882
0.40708333333333335
0.4091666666666667
0.408780509976421
0.40875000000000006
0.4091666666666667
0.40958333333333335
0.41083333333333333
0.41208333333333336
0.41333333333333333
0.4138576156249868
0.4139573619484054
0.4141666666666666
0.41583333333333333
0.4171130143655673
0.4162950447302314
0.4195833333333333
0.41927510379068933
0.41923135720226223
0.4195833333333333
0.42166666666666675
0.4225
0.42375
0.42541666666666667
0.4264963959329285
0.42652919048189347
0.4266666666666667
0.4279166666666667
0.4286254289050053
0.42877850833930875
0.4291666666666667
0.4290085030874625
0.42875
0.4291666666666667
0.4295833333333334
0.43
0.43166666666666664
0.4325
0.43279210594951173
0.4329677127967043
0.43292670505176345
0.43416666666666665
0.43426979522972586
0.4342808934586189
0.435
0.43581444112160417
0.4350467894821828
0.43625
0.43666666666666665
0.43833333333333335
0.43833333333333335
0.43916666666666665
0.4401412099028234
0.44014756195666216
0.44125000000000003
0.4416666666666667
0.44311939333402744
0.44333333333333336
0.44333333333333336
0.44440390088563697
0.4441666666666667
0.4454166666666667
0.44666666666666666
0.4475
0.44791666666666663
0.44875
0.4488501630519399
0.44888499242463525
0.44999999999999996
0.4504166666666667
0.44983562581560843
0.4500162995623049
0.4504166666666667
0.4518507758091456
0.4504166666666667
0.4516666666666667
0.4525
0.45333333333333325
0.45458333333333334
0.45499999999999996
0.45477596364526984
0.4540626656878851
0.45458333333333334
0.45499999999999996
0.4559321987886107
0.4555380981912807
0.45749999999999996
0.45798747241332727
0.4576529015184688
0.45868916370007257
0.458640828270871
0.4575
0.4574835099075878
0.4574511149772618
0.4579905884180657
0.4570032124071048
0.45726745103782807
0.4567171638954303
0.4556083253497107
0.4556732541112438
0.45519114495097457
0.45541666666666664
0.4550041685238972
0.4541421527817274
0.45398739386894976
0.4524632218875974
0.45199081984427186
0.4519981899796086
0.4516843042393107
0.45132165225305193
0.4517090841171972
0.4498644173882614
0.4511092509481355
0.449602878121039
0.4504166666666667
0.44980227745309875
0.45083333333333336
0.4505532224103361
0.4497769118225384
0.45
0.4504166666666667
0.45124999999999993
0.45125
0.45208333333333334
0.45189548676379926
0.45235869271117507
0.4520833333333333
0.4525
0.45225370910532847
0.4525
0.4529166666666667
0.453501287542763
0.4539880800816224
0.4545833333333333
0.45458333333333334
0.45625000000000004
0.45625000000000004
0.45666666666666667
0.4559709164570849
0.45605608952377585
0.45666666666666667
0.4575
0.45748119347776617
0.45666666666666667
0.4575
0.4574148525317647
0.45666666666666667
0.45791666666666664
0.45833333333333337
0.45916666666666667
0.4608333333333334
0.46166666666666667
0.46187533091410404
0.4619886044716076
0.46249999999999997
0.4641666666666666
0.4633973801657386
0.46280673546374923
0.46291666666666664
0.46289822180167245
0.46181314643788474
0.46208333333333335
0.4625
0.4633333333333334
0.46416666666666667
0.46499999999999997
0.4647627250794457
0.46408019085790536
0.4641666666666666
0.4645833333333333
0.4646038118332074
0.4630375280008517
0.46375000000000005
0.4631233006694063
0.46297632508118025
0.46375
0.46416666666666667
0.46416666666666667
0.4654166666666667
0.46625000000000005
0.4669005287000506
0.46620977377955897
0.46627764414176076
0.4666666666666667
0.4668760843093859
0.4658086754771544
0.4666666666666667
0.4665466782342269
0.46502495105712244
0.465
0.4658333333333333
0.4658333333333333
0.46625
0.4683333333333333
0.46859217777706363
0.4703300431626728
0.4716832442292974
0.4716666666666666
0.4726895037974951
0.473092692703412
0.47375
0.47417303400110367
0.475072885490174
0.47583333333333333
0.4766666666666667
0.4770833333333334
0.47750000000000004
0.47791666666666666
0.4784861555092998
0.4785793199845707
0.4783333333333334
0.47958333333333336
0.4804124189690082
0.47970835682931556
0.48
0.48007408520079325
0.47916666666666663
0.4804166666666666
0.48083333333333333
0.48250000000000004
0.4833333333333334
0.4833333333333334
0.48347786321748626
0.48319489927929005
0.48375
0.48374999999999996
0.48390502061716917
0.4831125993755627
0.4841666666666667
0.4834330576783896
0.4829321421946161
0.48458333333333337
0.485
0.48625
0.48666666666666664
0.4875
0.4880948888458984
0.48897641450625895
0.48875
0.4891666666666667
0.49059508359157844
0.4904166666666667
0.49124999999999996
0.4914512443626038
0.4916666666666667
0.4920833333333333
0.49291666666666667
0.49416666666666664
0.4945833333333333
0.49541666666666667
0.4947381712821283
0.4939466495896835
0.49416666666666664
0.4945663489480237
0.49379237011860744
0.4933613624249457
0.49452799002038883
0.4938534635740305
0.495
0.49583333333333335
0.4970833333333333
0.4975
0.4979166666666667
0.49916666666666665
0.49986749211676473
0.5016394956129469
0.5029387830211343
0.5033333333333334
0.5045137179431731
0.5042800603675728
0.5058333333333334
0.5073711864403694
0.5081274576378574
0.5095833333333334
0.51
0.51125
0.5120833333333333
0.51375
0.514775370241053
0.5152952845845988
0.5154224360065894
0.5170833333333333
0.5172585161614742
0.5177412624424215
0.5179166666666667
0.5186268260278485
0.5169204201022525
0.5183333333333333
0.5191666666666667
0.5208333333333333
0.5216666666666667
0.5225
0.5230308671471375
0.5226742530142116
0.52375
0.5245833333333334
0.5245092726893203
0.5246431150561452
0.525
0.5254461422874065
0.5241666666666667
0.5258304442814641
0.5243831008788358
0.5258333333333334
0.5259321281020083
0.525
0.5254093267317042
0.5242802694838137
0.5241666666666667
0.5228157838998155
0.5233333333333333
0.5245833333333333
0.525
0.5254166666666666
0.5258333333333334
0.5266666666666666
0.5264869796336356
0.5269914836456571
0.5266666666666666
0.5279166666666667
0.5277252256135557
0.5287943660182957
0.52875
0.5296330175240688
0.5291666666666667
0.5304166666666666
0.5304166666666666
0.5316666666666666
0.5320833333333334
0.5325
0.5326398266613684
0.5330350419864841
0.53375
0.5345833333333333
0.5341521023299323
0.5354166666666667
0.5370833333333334
0.5369345055174508
0.5370833333333334
0.5375
0.5383333333333333
0.5391666666666666
0.5395833333333333
0.5404103373620974
0.540090343601785
0.5401791801381445
0.5408333333333334
0.542078466102518
0.5416833505753137
0.5421681523568354
0.5420833333333333
0.5426386026030525
0.54125
0.5416666666666667
0.5420833333333334
0.5429166666666667
0.5429166666666667
0.54375
0.5434776941788895
0.5434774396732458
0.5433333333333333
0.5445833333333333
0.5445955552740025
0.5449999999999999
0.5449999999999999
0.5458589638182876
0.54625
0.5470833333333333
0.5474999999999999
0.5479166666666666
0.5487500000000001
0.55
0.5501512328315556
0.5493803070519714
0.5499999999999999
0.5508333333333333
0.5503764365972564
0.5504672731844136
0.55125
0.5506120429231226
0.55
0.5502705288214286
0.5491372567896193
0.5491666666666666
0.5489076101707928
0.5479166666666666
0.5485784297469556
0.5479486275932857
0.5475717730288078
0.5458755139011392
0.5466096211434394
0.5458333333333333
0.5458333333333333
0.5466666666666666
0.5470833333333333
0.5475
0.5472970362247606
0.5468952036505873
0.5475
0.5491666666666667
0.5493282834405114
0.5495833333333333
0.5499999999999999
0.550059415465835
0.5504166666666667
0.55125
0.5525
0.5529166666666667
0.55375
0.55375
0.553435458610085
0.5534510303111295
0.5533333333333333
0.5541666666666667
0.5542136253283967
0.5525293321472629
0.5529166666666667
0.5524362333349607
0.5516666666666666
0.5520833333333334
0.5525
0.5541666666666667
0.5545833333333333
0.5549999999999999
0.5551967228440414
0.5552178951804508
0.5558333333333333
0.55625
0.5564095318394289
0.556253601997457
0.5566666666666666
0.5566346500331472
0.5570833333333334
0.5570833333333334
0.5575
0.5579166666666666
0.5587500000000001
0.5587500000000001
0.5585428234287693
0.5578022185759047
0.5574999999999999
0.5574999999999999
0.55733112401943
0.55575729851544
0.5558333333333334
0.5550858855482621
0.5540089237272146
0.553572162259321
0.5521773047450793
0.5516666666666667
0.5507105102772738
0.5497516816073407
0.5493552386779614
0.548020746670783
0.5473528526651195
0.5464032623180706
0.5452153438198941
0.5444527106592586
0.5433333333333333
0.5429904757232327
0.5420882887299181
0.5417224468898089
0.5408184482226784
0.5401870755016149
0.5387796175967332
0.5381705583549932
0.5366666666666666
0.5360825907904225
0.5358333333333334
0.5358333333333334
0.5358333333333334
0.5358333333333334
0.5356442460861175
0.5361204589997147
0.5358333333333334
0.5358333333333334
0.5360493734062869
0.5355428398973352
0.5358333333333333
0.5356944620161037
0.5350502930518806
0.535
0.534474015279625
0.5341666666666667
0.5339075919477196
0.5333333333333333
0.5336081431611873
0.5329528163533805
0.5329166666666666
0.5321907492879597
0.5320833333333334
0.5316666666666666
0.5316666666666666
0.5325
0.5329166666666667
0.5329166666666666
0.5321820948467785
0.5310494260953944
0.5304166666666666
0.5304166666666666
0.5299093662261289
0.528343683800538
0.5287499999999999
0.5279592182522008
0.5266666666666666
0.5266666666666666
0.5270833333333333
0.5270833333333333
0.5283333333333333
0.5283333333333333
0.5280928983052361
0.528127830999207
0.5279166666666666
0.5283333333333333
0.5281585423285464
0.5279166666666666
0.5279166666666667
0.5277918156677254
0.5280851111455183
0.5279166666666666
0.5274795177576371
0.5279166666666666
0.5277361429806537
0.5275755555111613
0.5279166666666666
0.5278064075954385
0.5275000000000001
0.5273423321319459
0.5275
0.5283333333333333
0.52875
0.5291666666666667
0.5291666666666667
0.5295833333333333
0.5293954764743048
0.5290255259544301
0.5291666666666667
0.5291666666666667
0.5292606810684741
0.52875
0.52875
0.5286036042749193
0.5279166666666666
0.5279166666666666
0.5279166666666666
0.5279166666666666
0.5279166666666666
0.5279166666666666
0.5277120739836099
0.5273182505151635
0.5270833333333333
0.5270833333333333
0.5266390319566192
0.5262499999999999
0.5266666666666666
0.526599940375954
0.5270833333333333
0.5270833333333333
0.5275
0.5279166666666666
0.5279166666666667
0.5279166666666666
0.5280961079191574
0.5276973662759316
0.5275000000000001
0.5279166666666667
0.5275519733874168
0.5270833333333333
0.5270833333333333
0.5267566572944977
0.52625
0.52625
0.5266666666666666
0.5266666666666666
0.5275
0.5283333333333333
0.5285279579176954
0.5273972982560854
0.5266666666666667
0.5266666666666667
0.5258021401116302
0.5248660776127422
0.525
0.5243712899324323
0.5231875513913744
0.522887751988019
0.5224502498997103
0.5217082038801363
0.5210473467283248
0.5201068541536424
0.519650326267822
0.518470117777136
0.5176622303337922
0.5166308671572083
0.5155882618443406
0.515
0.5144140908647243
0.5135944310180495
0.5119480448143698
0.5112298753958788
0.5097516884666257
0.5091330754924628
0.5075790518496198
0.5070892322960424
0.5055573220756016
0.5050987739385744
0.505
0.505
0.505
0.5048836315492167
0.5050619449973202
0.5039645595461758
0.5033589789380404
0.5033333333333333
0.503274542355524
0.5017964567939358
0.5016666666666667
0.5021226028300573
0.5008333333333334
0.5006853955202069
0.49946167613053455
0.49874999999999997
0.4990694209609184
0.4975
0.49747337057107716
0.4959929946603915
0.4954166666666667
0.4943491837784642
0.4933333333333333
0.4927524039336878
0.4908756567949114
0.49076452800100556
0.48904076003625074
0.4883333333333333
0.4870274021232709
0.48583199940999455
0.4846878008509472
0.4833874236497052
0.4822435180087964
0.4809365283191175
0.48083333333333333
0.48083333333333333
0.48083333333333333
0.48083333333333333
0.48014247011072064
0.47897856495074775
0.4783704049014094
0.4783333333333334
0.47758892186096413
0.4759722858626091
0.47583333333333333
0.4748577415925037
0.47333333333333333
0.47333333333333333
0.47333333333333333
0.47333333333333333
0.47333333333333333
0.47333333333333333
0.473179115885995
0.47285583407141796
0.4725
0.47250000000000003
0.47240629656599775
0.4717528581066063
0.4716666666666667
0.47159607917529167
0.4708333333333333
0.4708333333333333
0.4704418704749619
0.47
0.47
0.4692813128561337
0.4691666666666666
0.46854681726075065
0.4683333333333334
0.46803634629443386
0.4679166666666667
0.4679166666666667
0.4675
0.4675
0.46708333333333335
0.46708333333333335
0.4666666666666667
0.4665916997504043
0.46625000000000005
0.4660653050985045
0.4658333333333334
0.4654166666666667
0.4654166666666667
0.4654166666666667
0.46625
0.4666666666666667
0.46682660504257667
0.46640743559831566
0.46625
0.46625
0.4666666666666667
0.46708333333333335
0.4675
0.46791666666666665
0.4683333333333333
0.4683333333333333
0.4691666666666667
0.47000000000000003
0.47041666666666665
0.47041666666666665
0.47110942574992853
0.4708909914215988
0.4708333333333333
0.47125
0.4717767897161502
0.4720833333333333
0.4720833333333333
0.47291666666666665
0.47333333333333333
0.47375
0.47375
0.4741666666666667
0.47458333333333336
0.47458333333333336
0.47435253637854013
0.47314777418492815
0.47250000000000003
0.47250000000000003
0.4722404089301596
0.4708333333333333
0.47081911132692467
0.46994577143299054
0.46875
0.4691666666666666
0.47
0.47041666666666665
0.4716666666666667
0.47148593577655246
0.4720833333333333
0.4733333333333333
0.47374999999999995
0.4741666666666667
0.47458333333333336
0.47583333333333333
0.47708333333333336
0.47708333333333336
0.4779166666666667
0.47833333333333333
0.4791666666666667
0.47958333333333336
0.4804166666666667
0.48125
0.4804402303784193
0.48039093501547564
0.48
0.48083333333333333
0.4804415871118459
0.4800224909567741
0.48041666666666666
0.4810686121203232
0.47983045163764215
0.48124999999999996
0.4816666666666667
0.4833333333333333
0.48499999999999993
0.4854166666666666
0.48645802567556107
0.4861364951039074
0.48583333333333334
0.48791666666666667
0.48747003577589115
0.4867614810649575
0.4870833333333333
0.4862135494509818
0.48583333333333334
0.48625000000000007
0.4870833333333333
0.48791666666666667
0.48791666666666667
0.48875
0.48806900685164545
0.48772046968190896
0.4875066933518042
0.4879166666666667
0.48766077459591706
0.4870470646675552
0.4870833333333333
0.4870691162677663
0.48565454713907985
0.48583333333333334
0.48583333333333334
0.4870833333333333
0.4870833333333333
0.48750000000000004
0.4872455815493012
0.4865035054536807
0.4858481055537948
0.48624999999999996
0.4853673692170114
0.4843126715652585
0.48416666666666675
0.48367774103975647
0.4821409347639594
0.48250000000000004
0.48250000000000004
0.48291666666666666
0.48291666666666666
0.48333333333333334
0.4831918874354315
0.4833164681430072
0.48291666666666666
0.4833333333333334
0.4837007494421004
0.4834834889121584
0.48333333333333334
0.48375
0.4830591230427176
0.48333333333333334
0.4833333333333334
0.48375
0.48375
0.48416666666666663
0.48348702934783117
0.4827379102340642
0.4820833333333333
0.48250000000000004
0.48169339813062284
0.48064883790152413
0.48041666666666666
0.47995401823176653
0.4785351225158282
0.47871808242795694
0.47747993635270203
0.47669418653935924
0.4761983135007887
0.47518756397418704
0.47435547518864596
0.4734072945616159
0.4724646085983512
0.4720833333333334
0.47098032472794504
0.47041666666666665
0.47041666666666665
0.47125
0.4716666666666666
0.47250000000000003
0.4722885071052536
0.4715526629019729
0.4708333333333333
0.4716666666666666
0.47128748887132094
0.47000908971517813
0.47041666666666665
0.4705820311285984
0.46924668155743937
0.47
0.47041666666666665
0.4708333333333333
0.47125
0.4716666666666667
0.47200406517985655
0.4726684445723064
0.47250000000000003
0.47291666666666665
0.47291666666666665
0.47375
0.4741666666666666
0.4745833333333333
0.4745833333333333
0.475
0.475
0.47541666666666665
0.4758333333333333
0.4766666666666666
0.47688485590332075
0.477776696232666
0.47750000000000004
0.47833333333333333
0.478109609334091
0.4788267983872345
0.4791666666666667
0.4801846665743158
0.47958333333333336
0.48
0.48
0.4808333333333333
0.48124999999999996
0.48291666666666666
0.4826561343758268
0.48189921064311525
0.4816666666666666
0.48249999999999993
0.48274665920302895
0.48138784351320996
0.48166666666666663
0.4821481649921736
0.48128096842011625
0.48249999999999993
0.48249999999999993
0.48249999999999993
0.4833333333333334
0.48458333333333337
0.4843064912282375
0.4835378948391152
0.48291666666666666
0.48374999999999996
0.4830304231048702
0.4820833333333333
0.48291666666666666
0.4823296968319322
0.4820833333333333
0.4820833333333333
0.4825
0.4825
0.48333333333333334
0.48375
0.48404398611791105
0.4842654826998743
0.48458333333333325
0.48458333333333325
0.4854166666666666
0.48583333333333334
0.48666666666666664
0.48666666666666664
0.4875
0.4875
0.48791666666666667
0.48833333333333334
0.48875
0.48875
0.48843280467609285
0.48719199472528507
0.4870833333333333
0.4870833333333333
0.4863104092769584
0.48583333333333334
0.48708333333333337
0.4865610147169652
0.4854166666666667
0.4854166666666667
0.48624999999999996
0.48624999999999996
0.4875
0.48791666666666667
0.4886428109748253
0.48968790444424404
0.4904166666666667
0.4916666666666667
0.49233506359582474
0.49375
0.495
0.4956089407051026
0.49666666666666665
0.49875
0.5
0.5016666666666667
0.5029166666666667
0.5045833333333333
0.5055974625330091
0.506868427974634
0.5079166666666667
0.5095833333333334
0.5106766905649288
0.5116666666666667
0.5120833333333333
0.5127043096918844
0.5125000000000001
0.5133333333333334
0.5146541657725395
0.51625
0.517045991377026
0.5175000000000001
0.51875
0.52
0.5208333333333334
0.5220833333333333
0.5225000000000001
0.5233333333333334
0.5241666666666667
0.525
0.5254166666666666
0.52625
0.5259395523801073
0.5256125197225732
0.5258333333333334
0.5266666666666666
0.525965771031472
0.5254166666666666
0.5253987420166312
0.5254623749100535
0.5241666666666667
0.5254166666666666
0.5254166666666666
0.5266666666666666
0.5266666666666666
0.5279166666666667
0.5278328696579514
0.5288810543709994
0.5287499999999999
0.5299999999999999
0.5298950655370154
0.53125
0.5316666666666667
0.5329166666666667
0.5329166666666667
0.5341666666666667
0.5345833333333334
0.5358333333333334
0.5362500000000001
0.5375
0.537324451490396
0.5374897307644213
0.5366727042397152
0.5379166666666666
0.5388011035462452
0.5392825968136117
0.5387500000000001
0.5399606711931547
0.5385556670473826
0.5395833333333333
0.5395833333333333
0.54125
0.54125
0.5433333333333333
0.5433333333333333
0.5445833333333333
0.5454166666666667
0.5470833333333334
0.5479166666666666
0.54875
0.54875
0.5495833333333333
0.5495833333333333
0.5508333333333333
0.55125
0.5520833333333333
0.5520833333333334
0.5529166666666666
0.5531246945836242
0.5536230742001567
0.5533333333333333
0.5541666666666667
0.5544001653231848
0.5549999999999999
0.5558333333333334
0.556647430502007
0.5566666666666666
0.5575000000000001
0.5575000000000001
0.5583333333333333
0.5583333333333333
0.5595833333333333
0.5588691746425388
0.5585168389385916
0.5579166666666667
0.5595833333333333
0.5587768269635195
0.5579416777404891
0.5579166666666666
0.5579025231323621
0.5570833333333334
0.5579166666666666
0.5579166666666666
0.55875
0.55875
0.5595833333333333
0.5595833333333333
0.5604166666666667
0.5604166666666667
0.56125
0.56125
0.5620833333333333
0.5620833333333333
0.5629166666666666
0.5629166666666666
0.56375
0.56375
0.5645833333333333
0.5645833333333333
0.5654166666666667
