0.0
0.0
0.0
0.0
0.0
0.0
0.0
0.0
0.0
0.0
0.0
0.0
0.0
0.0
0.0
0.0
0.0
0.0
0.0
0.0
0.0
0.0
0.0
0.0
0.0
0.0
0.0
0.0
0.0
0.0
0.0
0.0
0.0
0.0
0.0
1.3333333333333333
1.3333333333333333
1.3333333333333333
1.3333333333333333
1.3333333333333333
1.3333333333333333
1.3333333333333333
2.6666666666666665
2.6666666666666665
2.6666666666666665
2.6666666666666665
4.0
4.0
4.0
4.0
4.0
4.0
4.0
4.0
4.0
4.0
4.0
4.0
4.0
4.0
4.0
4.0
4.0
4.0
4.0
4.0
4.0
5.333333333333333
5.333333333333333
5.333333333333333
5.333333333333333
5.333333333333333
5.333333333333333
5.333333333333333
5.333333333333333
5.333333333333333
5.333333333333333
5.333333333333333
5.333333333333333
5.333333333333333
5.333333333333333
5.333333333333333
6.666666666666666
6.666666666666666
6.666666666666666
6.666666666666666
6.666666666666666
6.666666666666666
6.666666666666666
5.333333333333333
5.333333333333333
5.333333333333333
5.333333333333333
5.333333333333333
6.666666666666666
6.666666666666666
6.666666666666666
6.666666666666666
6.666666666666666
6.666666666666666
6.666666666666666
4.0
4.0
4.0
4.0
4.0
4.0
4.0
4.0
4.0
5.333333333333333
5.333333333333333
6.666666666666666
6.666666666666666
6.666666666666666
6.666666666666666
6.666666666666666
6.666666666666666
6.666666666666666
6.666666666666666
6.666666666666666
6.666666666666666
6.666666666666666
9.333333333333334
9.333333333333334
10.666666666666668
10.666666666666668
10.666666666666668
10.666666666666668
10.666666666666666
10.666666666666666
12.0
12.0
12.0
12.0
12.0
12.0
10.666666666666666
10.666666666666666
10.666666666666666
10.666666666666666
10.666666666666666
12.0
12.0
12.0
12.0
12.0
12.0
12.0
12.0
12.0
12.0
12.0
12.0
12.0
12.0
12.0
12.0
12.0
12.0
13.333333333333332
13.333333333333332
13.333333333333332
13.333333333333332
13.333333333333332
13.333333333333332
13.333333333333332
13.333333333333332
13.333333333333332
13.333333333333332
13.333333333333332
13.333333333333332
14.666666666666668
14.666666666666668
17.333333333333332
17.333333333333332
17.333333333333332
17.333333333333332
17.333333333333332
17.333333333333332
17.333333333333332
13.333333333333332
13.333333333333332
13.333333333333332
13.333333333333332
10.666666666666668
9.333333333333332
9.333333333333332
8.0
8.0
8.0
8.0
9.333333333333334
10.666666666666666
10.666666666666666
12.0
12.0
12.0
13.333333333333334
14.666666666666668
14.666666666666668
14.666666666666668
14.666666666666668
14.666666666666668
14.666666666666668
14.666666666666668
14.666666666666668
14.666666666666668
17.333333333333332
16.0
17.333333333333332
17.333333333333332
17.333333333333332
17.333333333333332
17.333333333333332
17.333333333333332
17.333333333333332
17.333333333333332
17.333333333333332
17.333333333333332
17.333333333333332
18.666666666666664
18.666666666666664
18.666666666666664
18.666666666666664
18.666666666666664
20.0
21.333333333333336
21.333333333333336
21.333333333333336
22.666666666666664
24.0
24.0
24.0
24.0
25.333333333333336
26.666666666666668
26.666666666666668
26.666666666666668
26.666666666666668
25.333333333333336
24.0
24.0
25.333333333333336
25.333333333333336
25.333333333333336
26.666666666666664
26.666666666666664
28.0
28.0
29.333333333333332
30.666666666666664
30.666666666666664
32.0
33.333333333333336
33.333333333333336
33.333333333333336
36.0
36.0
36.0
37.333333333333336
37.333333333333336
38.66666666666667
38.66666666666667
40.0
40.0
40.0
40.0
40.0
40.0
40.0
40.0
40.0
40.0
40.0
32.0
32.0
32.0
32.0
26.666666666666668
26.666666666666668
26.666666666666668
26.666666666666668
26.666666666666668
29.333333333333332
32.0
32.0
32.0
33.333333333333336
33.333333333333336
34.66666666666667
34.66666666666667
34.66666666666667
34.66666666666667
36.0
36.0
36.0
36.0
36.0
34.666666666666664
34.666666666666664
36.0
36.0
36.0
36.0
37.33333333333333
37.33333333333333
37.33333333333333
37.33333333333333
38.666666666666664
40.0
40.0
40.0
38.666666666666664
40.0
41.333333333333336
44.0
42.666666666666664
44.0
44.0
42.66666666666667
42.66666666666667
42.66666666666667
42.66666666666667
44.0
44.0
44.0
44.0
44.0
46.66666666666667
48.0
49.333333333333336
48.0
48.0
48.0
48.0
49.33333333333333
41.333333333333336
41.333333333333336
41.333333333333336
41.333333333333336
37.333333333333336
37.33333333333333
37.33333333333333
34.66666666666667
34.66666666666667
34.66666666666667
34.66666666666667
36.0
36.0
37.333333333333336
37.333333333333336
37.333333333333336
37.333333333333336
37.333333333333336
38.666666666666664
38.666666666666664
40.0
40.0
40.0
41.333333333333336
41.333333333333336
42.66666666666667
42.66666666666667
44.0
37.333333333333336
37.333333333333336
37.333333333333336
37.333333333333336
38.666666666666664
37.33333333333333
37.33333333333333
36.0
36.0
36.0
38.666666666666664
40.0
41.333333333333336
42.666666666666664
42.666666666666664
42.666666666666664
42.666666666666664
44.0
45.33333333333333
46.666666666666664
48.0
48.0
48.0
49.33333333333333
48.0
48.0
49.33333333333333
49.33333333333333
49.33333333333333
50.66666666666667
50.66666666666667
50.66666666666667
50.66666666666667
50.66666666666667
50.66666666666667
50.66666666666667
50.66666666666667
52.0
48.0
48.0
49.33333333333333
50.66666666666667
49.33333333333333
49.33333333333333
49.33333333333333
49.33333333333333
49.33333333333333
53.33333333333333
53.33333333333333
53.33333333333333
53.33333333333333
53.33333333333333
50.666666666666664
50.666666666666664
50.666666666666664
50.666666666666664
48.0
50.66666666666667
50.66666666666667
49.33333333333333
50.666666666666664
50.666666666666664
50.666666666666664
50.666666666666664
50.666666666666664
52.0
52.0
52.0
52.0
52.0
53.33333333333333
54.666666666666664
54.666666666666664
54.666666666666664
54.666666666666664
57.33333333333333
58.66666666666667
60.0
61.333333333333336
62.66666666666667
64.0
64.0
65.33333333333333
68.0
70.66666666666666
70.66666666666666
70.66666666666666
72.0
72.0
72.0
70.66666666666667
70.66666666666667
70.66666666666667
73.33333333333334
74.66666666666667
74.66666666666667
77.33333333333334
77.33333333333334
78.66666666666666
80.0
80.0
80.0
81.33333333333334
82.66666666666667
84.0
84.0
86.66666666666667
86.66666666666667
88.0
88.0
89.33333333333334
89.33333333333334
89.33333333333334
92.0
85.33333333333334
86.66666666666666
88.0
89.33333333333334
82.66666666666667
82.66666666666667
84.0
77.33333333333334
76.0
77.33333333333334
78.66666666666666
78.66666666666666
78.66666666666666
78.66666666666666
76.0
77.33333333333334
77.33333333333334
77.33333333333334
74.66666666666666
76.0
76.0
76.0
76.0
76.0
76.0
78.66666666666666
80.0
80.0
80.0
81.33333333333334
82.66666666666667
82.66666666666667
82.66666666666667
82.66666666666667
84.0
85.33333333333333
85.33333333333333
85.33333333333333
85.33333333333333
86.66666666666666
86.66666666666666
86.66666666666666
88.0
89.33333333333334
92.0
93.33333333333333
93.33333333333333
93.33333333333333
93.33333333333333
93.33333333333333
93.33333333333333
93.33333333333333
94.66666666666667
96.0
97.33333333333334
98.66666666666667
98.66666666666667
98.66666666666667
98.66666666666667
100.0
101.33333333333334
101.33333333333334
101.33333333333334
101.33333333333334
102.66666666666667
102.66666666666667
102.66666666666667
102.66666666666667
102.66666666666667
102.66666666666667
102.66666666666667
102.66666666666667
104.0
105.33333333333334
105.33333333333334
105.33333333333334
105.33333333333334
106.66666666666666
106.66666666666666
106.66666666666666
106.66666666666666
106.66666666666666
108.0
109.33333333333333
109.33333333333333
109.33333333333333
110.66666666666666
112.0
112.0
112.0
112.0
112.0
112.0
113.33333333333333
114.66666666666666
116.0
117.33333333333334
120.0
121.33333333333334
122.66666666666669
121.33333333333334
124.0
124.0
124.0
125.33333333333334
126.66666666666666
132.0
132.0
132.0
134.66666666666666
134.66666666666666
137.33333333333334
138.66666666666669
141.33333333333331
133.33333333333331
136.0
137.33333333333334
140.0
132.0
133.33333333333331
134.66666666666669
129.33333333333331
129.33333333333331
130.66666666666666
130.66666666666666
132.0
133.33333333333331
136.0
137.33333333333334
137.33333333333334
138.66666666666666
138.66666666666666
137.33333333333331
137.33333333333331
138.66666666666669
138.66666666666666
138.66666666666666
141.33333333333334
142.66666666666666
142.66666666666666
144.0
144.0
144.0
146.66666666666669
148.0
148.0
148.0
149.33333333333331
149.33333333333331
149.33333333333331
149.33333333333331
149.33333333333331
153.33333333333334
156.0
158.66666666666666
160.0
160.0
165.33333333333334
166.66666666666669
169.33333333333331
172.0
176.0
176.0
176.0
176.0
178.66666666666669
180.0
180.0
180.0
180.0
180.0
181.33333333333331
181.33333333333331
181.33333333333331
181.33333333333331
182.66666666666669
180.0
180.0
180.0
181.33333333333331
178.66666666666666
178.66666666666666
178.66666666666666
178.66666666666669
178.66666666666669
178.66666666666669
177.33333333333334
178.66666666666669
177.33333333333334
178.66666666666669
180.0
181.33333333333334
184.0
182.66666666666669
182.66666666666669
182.66666666666669
185.33333333333331
188.0
192.0
193.33333333333331
193.33333333333331
196.0
197.33333333333331
198.66666666666669
200.0
200.0
200.0
200.0
202.66666666666669
202.66666666666669
202.66666666666669
202.66666666666669
204.0
202.66666666666666
202.66666666666666
204.0
205.33333333333331
205.33333333333331
206.66666666666669
208.0
208.0
210.66666666666669
212.0
214.66666666666669
216.0
217.33333333333334
217.33333333333334
217.33333333333334
217.33333333333334
218.66666666666669
218.66666666666669
221.33333333333331
221.33333333333331
222.66666666666669
222.66666666666669
222.66666666666669
224.0
224.0
225.33333333333334
226.66666666666669
226.66666666666666
230.66666666666669
232.0
234.66666666666669
234.66666666666669
236.0
236.0
236.0
237.33333333333331
238.66666666666669
240.0
241.33333333333331
242.66666666666669
245.33333333333337
237.33333333333337
240.0
240.0
241.33333333333337
234.66666666666669
236.0
236.0
229.33333333333331
229.33333333333334
229.33333333333334
230.66666666666669
230.66666666666669
230.66666666666669
230.66666666666669
229.33333333333331
229.33333333333331
232.0
233.33333333333334
234.66666666666666
236.0
237.33333333333331
240.0
240.0
240.0
242.66666666666666
245.33333333333331
246.66666666666669
248.0
241.33333333333331
241.33333333333331
241.33333333333331
242.66666666666666
234.66666666666666
236.0
237.33333333333331
233.33333333333331
233.33333333333331
233.33333333333331
234.66666666666669
236.0
236.0
236.0
238.66666666666669
238.66666666666669
240.0
240.0
240.0
241.33333333333331
241.33333333333331
242.66666666666669
242.66666666666669
245.33333333333334
246.66666666666666
246.66666666666666
246.66666666666666
246.66666666666666
249.33333333333331
250.66666666666669
252.0
252.0
254.66666666666666
254.66666666666666
256.0
256.0
257.3333333333333
258.6666666666667
250.66666666666669
250.66666666666669
253.33333333333337
253.33333333333337
245.33333333333337
245.33333333333337
248.0
241.33333333333334
241.33333333333331
241.33333333333331
240.0
242.66666666666666
242.66666666666666
242.66666666666666
242.66666666666666
242.66666666666666
245.33333333333331
249.33333333333331
250.66666666666669
253.33333333333337
256.0
257.33333333333337
257.33333333333337
257.33333333333337
258.6666666666667
258.6666666666667
258.6666666666667
260.0
260.0
261.33333333333337
260.0
261.33333333333337
261.33333333333337
261.33333333333337
261.33333333333337
264.0
265.33333333333337
268.0
268.0
268.0
268.0
268.0
269.33333333333337
272.0
274.66666666666663
276.0
278.66666666666663
278.66666666666663
278.66666666666663
281.3333333333333
284.0
284.0
286.66666666666663
286.66666666666663
280.0
280.0
281.3333333333333
281.3333333333333
276.0
274.66666666666663
276.0
272.0
269.3333333333333
270.66666666666663
270.66666666666663
270.66666666666663
270.66666666666663
272.0
270.66666666666663
273.3333333333333
273.3333333333333
274.66666666666663
276.0
276.0
278.66666666666663
281.33333333333337
282.6666666666667
282.6666666666667
284.0
284.0
284.0
285.3333333333333
284.0
285.33333333333337
286.6666666666667
286.6666666666667
285.33333333333337
285.33333333333337
288.0
288.0
289.33333333333337
292.0
293.3333333333333
294.66666666666663
294.66666666666663
294.66666666666663
286.66666666666663
288.0
290.66666666666663
290.66666666666663
282.66666666666663
286.66666666666663
288.0
281.33333333333337
281.33333333333337
284.0
284.0
285.33333333333337
288.0
288.0
288.0
288.0
288.0
289.33333333333337
290.66666666666663
293.33333333333337
294.66666666666663
294.66666666666663
297.33333333333337
298.6666666666667
300.0
300.0
300.0
301.33333333333337
302.66666666666663
304.0
305.33333333333337
308.0
309.33333333333337
310.66666666666663
310.66666666666663
310.66666666666663
310.66666666666663
310.66666666666663
310.66666666666663
313.3333333333333
313.3333333333333
313.3333333333333
312.0
316.0
317.33333333333337
318.66666666666663
318.66666666666663
318.66666666666663
320.0
321.33333333333337
322.6666666666667
325.33333333333337
326.6666666666667
328.0
328.0
328.0
329.33333333333337
330.6666666666667
333.33333333333337
334.6666666666667
336.0
334.66666666666663
336.0
337.33333333333337
337.33333333333337
340.0
340.0
341.3333333333333
342.66666666666663
344.0
344.0
345.3333333333333
345.3333333333333
345.3333333333333
345.3333333333333
346.66666666666663
338.66666666666663
338.66666666666663
341.3333333333333
341.3333333333333
337.33333333333337
338.66666666666663
340.0
336.0
336.0
334.66666666666663
330.66666666666663
329.33333333333337
328.0
324.0
321.33333333333337
318.66666666666663
318.66666666666663
314.66666666666663
313.3333333333333
310.66666666666663
310.66666666666663
312.0
312.0
313.3333333333333
313.33333333333337
313.33333333333337
314.66666666666663
317.3333333333333
317.3333333333333
320.0
321.3333333333333
325.33333333333337
325.33333333333337
326.6666666666667
326.6666666666667
326.6666666666667
329.33333333333337
329.33333333333337
326.66666666666663
328.0
330.6666666666667
330.6666666666667
333.33333333333337
333.33333333333337
334.6666666666667
334.6666666666667
334.6666666666667
337.33333333333337
336.0
337.33333333333337
337.33333333333337
334.6666666666667
334.6666666666667
334.66666666666663
334.66666666666663
336.0
338.66666666666663
340.0
341.33333333333337
342.66666666666663
342.66666666666663
342.66666666666663
338.66666666666663
340.0
342.66666666666663
342.66666666666663
342.66666666666663
346.6666666666667
348.0
349.3333333333333
349.3333333333333
352.0
353.33333333333337
353.33333333333337
354.66666666666663
357.33333333333337
357.33333333333337
358.6666666666667
358.6666666666667
361.3333333333333
358.6666666666667
360.0
361.33333333333337
362.66666666666663
362.66666666666663
362.66666666666663
364.0
365.33333333333337
366.66666666666663
369.33333333333337
369.33333333333337
372.0
373.33333333333337
373.33333333333337
373.33333333333337
376.0
378.6666666666667
378.6666666666667
380.0
381.3333333333333
385.33333333333337
386.66666666666663
388.0
389.33333333333337
390.66666666666663
393.3333333333333
393.3333333333333
396.0
397.33333333333337
397.33333333333337
397.33333333333337
398.6666666666667
398.6666666666667
401.33333333333337
401.33333333333337
405.33333333333337
405.33333333333337
406.66666666666663
404.0
405.33333333333337
406.66666666666663
406.66666666666663
406.66666666666663
406.66666666666663
406.66666666666663
406.66666666666663
409.3333333333333
413.33333333333337
410.6666666666667
412.0
413.3333333333333
414.66666666666663
414.66666666666663
417.33333333333337
417.33333333333337
418.66666666666663
420.0
421.33333333333337
421.3333333333333
425.3333333333333
426.66666666666663
429.33333333333337
429.33333333333337
433.3333333333333
434.66666666666663
436.0
437.3333333333333
438.66666666666663
441.33333333333337
442.6666666666667
446.66666666666663
446.66666666666663
446.66666666666663
448.0
448.0
448.0
446.66666666666663
446.66666666666663
446.66666666666663
448.0
449.3333333333333
450.66666666666663
452.0
453.33333333333337
454.6666666666667
454.6666666666667
448.0
449.33333333333337
449.33333333333337
453.33333333333337
445.33333333333337
446.66666666666663
446.66666666666663
438.66666666666663
438.66666666666663
437.33333333333337
434.66666666666663
436.0
429.3333333333333
429.3333333333333
425.3333333333333
425.3333333333333
421.33333333333337
418.66666666666663
414.66666666666663
414.6666666666667
414.6666666666667
416.0
416.0
417.33333333333337
416.0
417.3333333333333
417.3333333333333
418.66666666666663
421.33333333333337
424.0
425.3333333333333
425.3333333333333
426.66666666666663
429.33333333333337
429.33333333333337
433.3333333333333
433.3333333333333
434.66666666666663
432.0
434.66666666666663
434.66666666666663
438.66666666666663
438.66666666666663
440.0
440.0
440.0
440.0
441.3333333333333
444.0
444.0
444.0
445.33333333333337
438.66666666666663
440.0
441.33333333333337
441.33333333333337
436.0
437.33333333333337
438.66666666666663
432.0
433.33333333333337
437.3333333333333
430.66666666666663
432.0
429.33333333333337
428.0
429.33333333333337
424.0
424.0
417.33333333333337
417.33333333333337
417.33333333333337
417.33333333333337
418.6666666666667
420.0
420.0
421.33333333333337
422.6666666666667
422.6666666666667
422.6666666666667
420.0
422.6666666666667
424.0
422.66666666666663
425.33333333333337
425.33333333333337
428.0
428.0
429.33333333333337
430.6666666666667
429.33333333333337
430.66666666666663
432.0
433.33333333333337
437.33333333333337
438.66666666666663
441.33333333333337
442.66666666666663
444.0
445.33333333333337
446.6666666666667
448.0
450.66666666666663
452.0
454.66666666666663
454.66666666666663
456.0
457.33333333333337
460.0
460.0
460.0
461.33333333333337
461.33333333333337
464.0
457.3333333333333
460.0
461.3333333333333
461.3333333333333
453.3333333333333
453.3333333333333
453.3333333333333
446.66666666666663
445.3333333333333
445.3333333333333
445.3333333333333
448.0
448.0
449.3333333333333
448.0
448.0
448.0
448.0
446.66666666666663
448.0
450.6666666666667
450.66666666666663
449.33333333333337
449.33333333333337
449.33333333333337
450.6666666666667
452.0
453.3333333333333
449.33333333333337
450.66666666666663
452.0
453.33333333333337
450.66666666666663
449.3333333333333
453.3333333333333
450.6666666666667
449.33333333333337
452.0
454.66666666666663
456.0
457.33333333333337
458.66666666666663
457.33333333333337
458.66666666666663
460.0
460.0
460.0
461.3333333333333
461.3333333333333
461.3333333333333
462.6666666666667
465.33333333333337
465.33333333333337
466.66666666666663
468.0
469.33333333333337
461.33333333333337
464.0
464.0
464.0
458.66666666666663
458.66666666666663
458.66666666666663
456.0
458.66666666666663
460.0
464.0
466.66666666666663
466.66666666666663
468.0
460.0
462.66666666666663
464.0
466.66666666666663
460.0
461.33333333333337
461.33333333333337
453.33333333333337
454.66666666666663
456.0
456.0
456.0
456.0
454.66666666666663
453.33333333333337
456.0
460.0
462.66666666666663
464.0
464.0
464.0
466.66666666666663
468.0
468.0
468.0
469.33333333333337
472.0
473.33333333333337
473.33333333333337
477.3333333333333
478.66666666666663
480.0
484.0
485.33333333333337
485.33333333333337
488.0
488.0
488.0
489.33333333333337
490.66666666666674
493.33333333333326
494.66666666666663
492.0
493.3333333333333
493.3333333333333
494.6666666666667
496.0
497.33333333333337
496.0
496.0
497.3333333333333
497.3333333333333
498.6666666666667
500.0
500.0
501.3333333333333
494.6666666666667
494.6666666666667
494.6666666666667
498.6666666666667
490.6666666666667
490.6666666666667
490.6666666666667
484.0
485.3333333333333
488.0
481.3333333333333
482.66666666666663
478.66666666666663
477.33333333333337
472.0
469.33333333333337
466.66666666666663
462.66666666666663
460.0
460.0
461.3333333333333
462.66666666666663
465.33333333333337
466.66666666666663
469.3333333333333
470.66666666666663
472.0
472.0
474.66666666666663
478.66666666666663
481.33333333333337
481.33333333333337
488.0
488.0
493.33333333333337
493.33333333333337
497.33333333333337
497.33333333333337
492.0
492.0
494.66666666666663
494.66666666666663
486.66666666666663
486.66666666666663
488.0
480.0
480.0
480.0
480.0
481.3333333333333
481.3333333333333
481.3333333333333
481.3333333333333
481.3333333333333
482.66666666666663
482.66666666666663
484.0
484.0
485.3333333333333
488.0
489.33333333333337
489.33333333333337
490.66666666666674
490.66666666666674
493.33333333333337
493.33333333333337
492.0
492.0
492.0
494.66666666666663
493.33333333333337
494.66666666666663
496.0
493.33333333333337
494.66666666666674
496.0
496.0
497.33333333333337
497.33333333333337
500.0
494.66666666666663
497.33333333333337
498.66666666666663
498.66666666666663
494.66666666666663
494.66666666666663
500.0
500.0
498.6666666666667
500.0
500.0
501.33333333333337
504.0
504.0
505.3333333333333
508.0
509.33333333333337
509.33333333333337
509.33333333333337
512.0
512.0
517.3333333333334
517.3333333333334
518.6666666666667
518.6666666666667
521.3333333333334
521.3333333333334
522.6666666666666
521.3333333333334
526.6666666666667
526.6666666666667
526.6666666666667
526.6666666666667
528.0
528.0
528.0
529.3333333333334
529.3333333333333
532.0
530.6666666666667
530.6666666666667
530.6666666666667
530.6666666666667
532.0
533.3333333333333
534.6666666666666
537.3333333333334
542.6666666666666
542.6666666666666
542.6666666666666
544.0
544.0
536.0
536.0
537.3333333333333
540.0
533.3333333333334
534.6666666666667
536.0
529.3333333333334
528.0
528.0
528.0
530.6666666666667
530.6666666666667
530.6666666666667
533.3333333333333
533.3333333333333
536.0
537.3333333333333
537.3333333333333
537.3333333333333
537.3333333333333
540.0
541.3333333333334
544.0
545.3333333333333
546.6666666666667
548.0
552.0
544.0
546.6666666666666
546.6666666666666
549.3333333333333
542.6666666666666
545.3333333333333
545.3333333333333
542.6666666666667
542.6666666666667
545.3333333333333
546.6666666666666
549.3333333333333
550.6666666666667
550.6666666666667
552.0
554.6666666666667
556.0
556.0
557.3333333333334
557.3333333333334
560.0
560.0
561.3333333333334
562.6666666666667
564.0
565.3333333333334
566.6666666666667
566.6666666666667
564.0
564.0
564.0
564.0
564.0
565.3333333333333
565.3333333333333
565.3333333333333
566.6666666666666
566.6666666666666
569.3333333333334
570.6666666666667
570.6666666666667
572.0
574.6666666666666
577.3333333333333
577.3333333333333
578.6666666666666
578.6666666666666
578.6666666666666
578.6666666666666
580.0
580.0
580.0
581.3333333333333
581.3333333333333
581.3333333333333
581.3333333333333
578.6666666666667
581.3333333333334
584.0
584.0
585.3333333333334
585.3333333333334
585.3333333333334
585.3333333333334
586.6666666666667
589.3333333333333
589.3333333333333
589.3333333333333
590.6666666666667
594.6666666666667
594.6666666666667
596.0
596.0
596.0
597.3333333333334
597.3333333333334
600.0
604.0
604.0
604.0
605.3333333333334
605.3333333333334
608.0
609.3333333333333
612.0
613.3333333333334
614.6666666666667
614.6666666666667
616.0
616.0
621.3333333333333
621.3333333333333
622.6666666666666
625.3333333333334
622.6666666666667
624.0
625.3333333333333
624.0
622.6666666666667
624.0
624.0
624.0
624.0
624.0
624.0
624.0
625.3333333333334
626.6666666666667
625.3333333333334
629.3333333333333
629.3333333333333
630.6666666666667
630.6666666666667
632.0
633.3333333333334
632.0
633.3333333333334
636.0
633.3333333333334
633.3333333333334
633.3333333333334
630.6666666666667
632.0
629.3333333333334
629.3333333333334
628.0
629.3333333333334
629.3333333333334
629.3333333333334
629.3333333333334
633.3333333333333
634.6666666666666
626.6666666666666
629.3333333333333
630.6666666666666
633.3333333333333
626.6666666666667
626.6666666666667
626.6666666666667
618.6666666666667
620.0
620.0
614.6666666666667
614.6666666666667
609.3333333333334
609.3333333333334
605.3333333333333
604.0
601.3333333333334
596.0
594.6666666666667
593.3333333333334
593.3333333333334
593.3333333333334
597.3333333333334
600.0
598.6666666666667
600.0
602.6666666666666
604.0
602.6666666666666
605.3333333333333
608.0
606.6666666666667
608.0
614.6666666666666
614.6666666666666
616.0
617.3333333333333
618.6666666666666
617.3333333333333
617.3333333333333
617.3333333333333
617.3333333333333
617.3333333333333
617.3333333333333
617.3333333333333
618.6666666666667
620.0
620.0
620.0
620.0
621.3333333333333
621.3333333333333
618.6666666666667
620.0
621.3333333333334
622.6666666666667
622.6666666666666
625.3333333333333
625.3333333333333
625.3333333333333
625.3333333333333
626.6666666666667
628.0
628.0
629.3333333333333
630.6666666666667
630.6666666666667
632.0
632.0
633.3333333333333
636.0
638.6666666666666
640.0
642.6666666666667
642.6666666666667
642.6666666666667
644.0
645.3333333333333
645.3333333333333
645.3333333333333
642.6666666666667
641.3333333333333
641.3333333333333
641.3333333333333
642.6666666666666
642.6666666666666
642.6666666666666
644.0
648.0
649.3333333333333
653.3333333333333
654.6666666666666
657.3333333333333
657.3333333333333
657.3333333333333
657.3333333333333
662.6666666666667
664.0
662.6666666666667
664.0
665.3333333333333
664.0
664.0
665.3333333333333
668.0
668.0
672.0
