0.0
0.0
0.0
0.0
0.0
0.0
0.0
0.0
0.0
0.0
0.0
1.3333333333333333
2.6666666666666665
2.6666666666666665
2.6666666666666665
2.6666666666666665
2.6666666666666665
2.6666666666666665
2.6666666666666665
2.6666666666666665
2.6666666666666665
2.6666666666666665
2.6666666666666665
2.6666666666666665
2.6666666666666665
2.6666666666666665
4.0
4.0
4.0
4.0
4.0
4.0
5.333333333333333
5.333333333333333
5.333333333333333
6.666666666666666
6.666666666666666
6.666666666666666
6.666666666666666
6.666666666666666
6.666666666666666
8.0
8.0
8.0
8.0
8.0
8.0
8.0
8.0
8.0
9.333333333333332
9.333333333333332
9.333333333333332
9.333333333333332
10.666666666666666
10.666666666666666
12.0
12.0
13.333333333333332
13.333333333333332
14.666666666666668
16.0
16.0
16.0
16.0
16.0
16.0
16.0
16.0
16.0
17.333333333333332
18.666666666666668
18.666666666666668
18.666666666666668
18.666666666666668
18.666666666666668
18.666666666666668
18.666666666666668
18.666666666666668
18.666666666666668
18.666666666666668
16.0
17.333333333333332
17.333333333333332
18.666666666666668
18.666666666666668
18.666666666666668
18.666666666666668
18.666666666666668
17.333333333333332
17.333333333333332
17.333333333333332
18.666666666666664
21.333333333333332
22.666666666666668
22.666666666666668
24.000000000000004
25.333333333333336
26.666666666666668
28.0
30.666666666666664
30.666666666666664
30.666666666666664
30.666666666666664
32.0
32.0
33.333333333333336
34.66666666666667
34.66666666666667
33.333333333333336
33.333333333333336
33.333333333333336
33.333333333333336
33.333333333333336
33.333333333333336
32.0
32.0
32.0
30.66666666666667
30.66666666666667
33.333333333333336
33.333333333333336
36.0
32.0
32.0
32.0
32.0
29.333333333333336
29.333333333333336
30.666666666666668
34.666666666666664
34.666666666666664
34.666666666666664
34.666666666666664
34.666666666666664
34.666666666666664
36.0
34.666666666666664
34.666666666666664
36.0
36.0
37.33333333333333
37.33333333333333
36.0
36.0
37.333333333333336
37.333333333333336
38.666666666666664
38.666666666666664
41.333333333333336
41.333333333333336
41.333333333333336
40.0
40.0
40.0
40.0
42.666666666666664
44.0
46.666666666666664
49.33333333333333
49.33333333333333
49.33333333333333
52.0
52.0
53.33333333333333
49.33333333333333
50.66666666666667
50.66666666666667
50.66666666666667
50.66666666666667
53.33333333333333
52.0
52.0
54.66666666666666
56.0
56.0
57.33333333333334
58.66666666666667
61.33333333333333
64.0
64.0
65.33333333333333
66.66666666666666
68.0
68.0
69.33333333333333
70.66666666666666
72.0
76.0
76.0
80.0
80.0
81.33333333333333
82.66666666666667
84.0
85.33333333333333
85.33333333333333
86.66666666666666
88.0
88.0
88.0
89.33333333333334
89.33333333333334
89.33333333333334
89.33333333333334
89.33333333333334
90.66666666666667
93.33333333333334
93.33333333333334
93.33333333333334
93.33333333333334
93.33333333333334
96.0
101.33333333333333
102.66666666666666
105.33333333333333
109.33333333333334
110.66666666666666
113.33333333333331
113.33333333333331
114.66666666666666
116.0
116.0
117.33333333333334
118.66666666666669
118.66666666666669
121.33333333333334
122.66666666666667
122.66666666666667
126.66666666666666
128.0
129.33333333333334
132.0
134.66666666666666
134.66666666666666
137.33333333333331
138.66666666666666
134.66666666666669
136.0
136.0
136.0
132.0
130.66666666666669
132.0
126.66666666666666
125.33333333333331
126.66666666666666
125.33333333333334
128.0
129.33333333333331
130.66666666666666
132.0
133.33333333333334
133.33333333333334
133.33333333333334
136.0
138.66666666666666
140.0
141.33333333333334
142.66666666666669
142.66666666666669
142.66666666666669
144.0
146.66666666666666
148.0
146.66666666666666
149.33333333333334
149.33333333333334
150.66666666666666
150.66666666666666
153.33333333333334
156.0
157.33333333333331
160.0
161.33333333333334
153.33333333333334
154.66666666666669
157.33333333333334
158.66666666666669
152.0
150.66666666666669
156.0
149.33333333333334
152.0
153.33333333333334
146.66666666666666
149.33333333333331
148.0
148.0
146.66666666666666
141.33333333333331
142.66666666666666
138.66666666666666
137.33333333333334
136.0
137.33333333333334
138.66666666666669
140.0
141.33333333333334
140.0
141.33333333333334
141.33333333333334
142.66666666666666
141.33333333333334
144.0
144.0
144.0
142.66666666666666
142.66666666666666
146.66666666666669
146.66666666666669
146.66666666666669
148.0
141.33333333333334
144.0
144.0
145.33333333333334
141.33333333333331
141.33333333333331
142.66666666666666
136.0
137.33333333333334
140.0
141.33333333333334
141.33333333333334
141.33333333333334
141.33333333333334
144.0
144.0
145.33333333333334
149.33333333333334
150.66666666666666
154.66666666666666
157.33333333333331
158.66666666666666
161.33333333333334
162.66666666666669
164.00000000000003
165.33333333333334
169.33333333333331
172.0
168.0
168.0
170.66666666666666
172.0
166.66666666666669
169.33333333333334
170.66666666666666
165.33333333333331
164.0
165.33333333333334
166.66666666666666
168.0
172.0
170.66666666666666
165.33333333333331
168.0
169.33333333333334
173.33333333333334
169.33333333333334
169.33333333333334
173.33333333333331
170.66666666666666
170.66666666666669
173.33333333333334
173.33333333333334
175.99999999999997
175.99999999999997
175.99999999999997
170.66666666666666
172.0
173.33333333333334
173.33333333333334
166.66666666666669
169.33333333333334
170.66666666666669
164.0
162.66666666666669
165.33333333333334
168.0
170.66666666666666
172.0
174.66666666666666
174.66666666666666
174.66666666666666
178.66666666666666
178.66666666666666
180.0
181.33333333333331
182.66666666666669
182.66666666666669
186.66666666666669
189.33333333333331
190.66666666666669
193.33333333333334
190.66666666666669
190.66666666666669
190.66666666666669
193.33333333333334
194.66666666666666
194.66666666666666
197.33333333333331
198.66666666666666
201.33333333333331
202.66666666666666
202.66666666666666
202.66666666666666
204.0
205.33333333333334
205.33333333333334
205.33333333333334
205.33333333333334
206.66666666666666
208.0
210.66666666666669
212.0
213.33333333333334
210.66666666666669
213.33333333333331
214.66666666666669
217.33333333333331
210.66666666666666
214.66666666666666
218.66666666666669
216.0
216.0
216.0
217.33333333333337
218.66666666666669
221.33333333333331
224.0
226.66666666666666
230.66666666666669
234.66666666666669
237.33333333333331
241.33333333333331
241.33333333333331
245.33333333333331
248.0
254.66666666666669
258.66666666666663
261.3333333333333
262.6666666666667
265.3333333333333
270.6666666666667
270.6666666666667
277.3333333333333
280.0
281.3333333333333
288.0
290.6666666666667
293.33333333333337
296.0
296.0
300.0
294.6666666666667
301.3333333333333
301.3333333333333
304.0
296.0
300.0
300.0
296.0
296.0
297.3333333333333
298.6666666666667
302.66666666666663
306.6666666666667
306.6666666666667
308.0
308.0
310.66666666666663
317.3333333333333
321.3333333333333
325.33333333333337
330.6666666666667
334.6666666666667
341.3333333333333
342.66666666666663
346.6666666666667
350.6666666666667
350.6666666666667
357.33333333333337
358.6666666666667
364.0
364.0
362.6666666666667
366.66666666666663
368.0
370.6666666666667
373.33333333333337
376.0
377.3333333333333
372.0
376.0
377.3333333333333
378.66666666666663
370.66666666666663
373.3333333333333
374.6666666666667
369.33333333333337
370.66666666666663
374.6666666666667
376.0
378.66666666666663
378.66666666666663
382.66666666666663
384.00000000000006
386.6666666666667
393.3333333333333
396.0
396.0
400.0
401.3333333333333
400.0
406.6666666666667
408.00000000000006
410.6666666666667
412.0
412.0
413.3333333333333
408.0
409.3333333333333
410.6666666666667
413.33333333333337
410.6666666666667
412.0
416.0
412.0
414.6666666666667
416.00000000000006
417.33333333333337
420.0
421.3333333333333
425.3333333333333
426.6666666666667
428.0
430.66666666666663
431.99999999999994
432.0
437.3333333333333
440.0
438.6666666666667
440.0
444.0
445.33333333333337
446.6666666666667
448.0
450.6666666666667
456.00000000000006
457.33333333333337
458.6666666666667
458.6666666666667
460.0
464.0
466.6666666666667
469.33333333333337
472.0
472.0
470.6666666666667
473.3333333333333
474.6666666666667
477.3333333333333
478.6666666666667
483.99999999999994
483.99999999999994
489.3333333333333
489.3333333333333
496.0
497.3333333333333
504.0
508.0
510.66666666666663
508.0
510.66666666666663
513.3333333333334
516.0
509.33333333333337
514.6666666666667
517.3333333333334
512.0
513.3333333333333
516.0
518.6666666666667
518.6666666666667
520.0
522.6666666666666
521.3333333333334
525.3333333333333
529.3333333333334
529.3333333333334
529.3333333333334
532.0
537.3333333333334
536.0
540.0
540.0
544.0
546.6666666666666
548.0
549.3333333333334
545.3333333333334
545.3333333333334
548.0
552.0
545.3333333333334
546.6666666666667
552.0
546.6666666666666
548.0
546.6666666666666
544.0
553.3333333333334
550.6666666666666
552.0
554.6666666666666
553.3333333333333
556.0
549.3333333333333
552.0
549.3333333333334
552.0
556.0
557.3333333333334
560.0
558.6666666666666
564.0
568.0
569.3333333333333
568.0
568.0
570.6666666666666
573.3333333333334
577.3333333333334
578.6666666666667
581.3333333333334
588.0
589.3333333333334
597.3333333333333
590.6666666666666
596.0
596.0
598.6666666666667
594.6666666666666
596.0
598.6666666666666
594.6666666666666
594.6666666666666
594.6666666666666
597.3333333333334
597.3333333333334
598.6666666666666
601.3333333333333
602.6666666666666
603.9999999999999
610.6666666666666
613.3333333333334
610.6666666666666
613.3333333333334
613.3333333333334
617.3333333333333
618.6666666666666
621.3333333333334
621.3333333333334
622.6666666666667
626.6666666666667
626.6666666666667
632.0
634.6666666666666
640.0
640.0
640.0
642.6666666666667
645.3333333333334
646.6666666666666
653.3333333333334
654.6666666666667
649.3333333333334
653.3333333333334
653.3333333333334
654.6666666666666
650.6666666666666
653.3333333333334
654.6666666666667
650.6666666666666
653.3333333333333
655.9999999999999
654.6666666666666
657.3333333333334
656.0
655.9999999999999
654.6666666666667
653.3333333333334
653.3333333333334
650.6666666666666
653.3333333333334
652.0
649.3333333333334
648.0
648.0
646.6666666666666
646.6666666666666
642.6666666666667
645.3333333333334
645.3333333333333
645.3333333333334
641.3333333333333
645.3333333333334
649.3333333333333
652.0
656.0
656.0
657.3333333333334
658.6666666666667
666.6666666666666
665.3333333333333
667.9999999999999
673.3333333333334
674.6666666666667
674.6666666666666
680.0
685.3333333333333
690.6666666666666
694.6666666666667
697.3333333333334
697.3333333333333
697.3333333333333
699.9999999999999
699.9999999999999
704.0
705.3333333333334
712.0
712.0
714.6666666666666
716.0
718.6666666666667
721.3333333333333
724.0
726.6666666666666
728.0
732.0000000000001
736.0
738.6666666666667
737.3333333333334
742.6666666666667
746.6666666666666
746.6666666666666
749.3333333333334
752.0
753.3333333333334
760.0
762.6666666666667
764.0
760.0
762.6666666666667
768.0
768.0
765.3333333333333
768.0
770.6666666666666
770.6666666666666
770.6666666666667
772.0
777.3333333333334
779.9999999999999
786.6666666666666
792.0
786.6666666666666
790.6666666666667
794.6666666666667
801.3333333333333
800.0
802.6666666666667
806.6666666666667
801.3333333333334
806.6666666666666
808.0
810.6666666666666
814.6666666666667
816.0
820.0
818.6666666666666
825.3333333333333
825.3333333333333
832.0
833.3333333333334
838.6666666666667
844.0
845.3333333333333
847.9999999999999
852.0
853.3333333333334
856.0
860.0
862.6666666666666
861.3333333333334
862.6666666666666
871.9999999999999
876.0
869.3333333333334
874.6666666666667
878.6666666666666
874.6666666666666
880.0000000000001
886.6666666666667
890.6666666666666
893.3333333333333
898.6666666666666
902.6666666666666
902.6666666666666
906.6666666666666
909.3333333333334
914.6666666666666
916.0000000000001
922.6666666666666
926.6666666666666
928.0000000000001
928.0000000000001
933.3333333333333
936.0
938.6666666666666
944.0
946.6666666666667
941.3333333333334
945.3333333333333
950.6666666666667
954.6666666666666
949.3333333333334
950.6666666666667
954.6666666666667
950.6666666666666
954.6666666666666
957.3333333333333
957.3333333333333
961.3333333333333
965.3333333333334
967.9999999999999
968.0000000000001
965.3333333333333
966.6666666666666
966.6666666666666
969.3333333333334
969.3333333333333
974.6666666666666
978.6666666666666
979.9999999999999
984.0
984.0000000000001
985.3333333333334
992.0
993.3333333333333
993.3333333333334
996.0
998.6666666666666
997.3333333333334
1004.0000000000001
1005.3333333333335
1012.0
1013.3333333333333
1017.3333333333334
1022.6666666666667
1017.3333333333334
1018.6666666666666
1026.6666666666665
1030.6666666666665
1026.6666666666667
1032.0
1033.3333333333333
1030.6666666666667
1034.6666666666665
1034.6666666666667
1032.0
1034.6666666666667
1029.3333333333333
1034.6666666666665
1030.6666666666665
1032.0
1034.6666666666665
1032.0
1034.6666666666665
1032.0
1034.6666666666667
1033.3333333333335
1030.6666666666667
1032.0
1032.0
1034.6666666666665
1030.6666666666665
1033.3333333333333
1032.0
1032.0
1038.6666666666667
1040.0
1044.0
1044.0
1046.6666666666665
1050.6666666666667
1052.0
1057.3333333333333
1056.0
1061.3333333333335
1064.0
1069.3333333333335
1069.3333333333333
1072.0
1076.0
1077.3333333333333
1077.3333333333333
1080.0
1074.6666666666665
1078.6666666666667
1084.0
1089.3333333333333
1085.3333333333335
1089.3333333333333
1093.3333333333333
1093.3333333333333
1097.3333333333333
1097.3333333333333
1098.6666666666665
1101.3333333333335
1102.6666666666667
1108.0
1110.6666666666667
1116.0
1121.3333333333333
1122.6666666666667
1125.3333333333333
1126.6666666666667
1133.3333333333333
1136.0000000000002
1140.0000000000002
1144.0
1149.3333333333333
1152.0
1153.3333333333333
1157.3333333333333
1149.3333333333333
1156.0
1158.6666666666665
1160.0
1154.6666666666667
1157.3333333333335
1158.6666666666667
1153.3333333333333
1152.0
1152.0
1152.0000000000002
1157.3333333333335
1153.3333333333335
1153.3333333333335
1152.0
1149.3333333333333
1154.6666666666665
1153.3333333333333
1150.6666666666665
1153.3333333333333
1156.0
1158.6666666666665
1161.3333333333333
1168.0
1170.6666666666667
1174.6666666666667
1177.3333333333335
1181.3333333333335
1182.6666666666667
1186.6666666666667
1193.3333333333333
1196.0
1198.6666666666665
1201.3333333333333
1202.6666666666667
1208.0
1210.6666666666667
1212.0
1208.0
1213.3333333333335
1216.0
1217.3333333333335
1214.6666666666667
1221.3333333333333
1224.0
1220.0000000000002
1222.6666666666667
1221.3333333333333
1218.6666666666667
1218.6666666666667
1218.6666666666665
1225.3333333333335
1226.6666666666667
1225.3333333333333
1229.3333333333333
1233.3333333333335
1232.0
1232.0
1233.3333333333333
1237.3333333333335
1240.0
1245.3333333333335
1237.3333333333335
1242.6666666666665
1246.6666666666667
1250.6666666666667
1250.6666666666667
1254.6666666666667
1256.0
1252.0
1254.6666666666665
1260.0
1264.0
1270.6666666666667
1273.3333333333335
1276.0
1269.3333333333333
1274.6666666666667
1278.6666666666667
1284.0
1285.3333333333333
1282.6666666666665
1292.0000000000002
1289.3333333333335
1291.9999999999998
1293.3333333333333
1290.6666666666667
1292.0000000000002
1290.6666666666667
1288.0
1288.0
1285.3333333333335
1284.0
1284.0
1278.6666666666667
1281.3333333333333
1282.6666666666667
1282.6666666666667
1286.6666666666665
1289.3333333333333
1288.0
1290.6666666666667
1293.3333333333335
1297.3333333333333
1301.3333333333333
1302.6666666666665
1309.3333333333333
1306.6666666666665
1307.9999999999998
1309.3333333333333
1310.6666666666667
1314.6666666666665
1318.6666666666665
1322.6666666666665
1318.6666666666667
1322.6666666666667
1325.3333333333333
1330.6666666666665
1329.3333333333335
1332.0
1342.6666666666667
1338.6666666666667
1341.3333333333333
1342.6666666666667
1349.3333333333333
1352.0
1356.0
1361.3333333333335
1362.6666666666667
1364.0
1365.3333333333333
1369.3333333333333
1369.3333333333333
1372.0
1373.3333333333333
1370.6666666666667
1372.0
1373.3333333333333
1374.6666666666667
1376.0
1381.3333333333333
1384.0
1378.6666666666667
1382.6666666666665
1385.3333333333335
1389.3333333333333
1385.3333333333335
1389.3333333333335
1392.0
1390.6666666666665
1392.0
1396.0
1397.3333333333333
1402.6666666666665
1402.6666666666665
1405.3333333333333
1406.6666666666667
1408.0
1412.0
1413.3333333333335
1416.0
1418.6666666666665
1418.6666666666665
1420.0
1421.3333333333333
1425.3333333333333
1429.3333333333333
1432.0000000000002
1433.3333333333335
1436.0000000000002
1430.6666666666667
1434.6666666666665
1440.0
1441.3333333333335
1434.6666666666667
1439.9999999999998
1441.3333333333333
1441.3333333333335
1441.3333333333335
1445.3333333333333
1448.0
1450.6666666666665
1454.6666666666665
1456.0
1449.3333333333335
1450.6666666666667
1454.6666666666667
1456.0
1454.6666666666665
1457.3333333333333
1464.0
1461.3333333333333
1464.0
1466.6666666666665
1463.9999999999998
1463.9999999999998
1461.3333333333333
1462.6666666666667
1464.0000000000002
1461.3333333333333
1462.6666666666667
1460.0
1457.3333333333333
1457.3333333333333
1454.6666666666665
1457.3333333333333
1454.6666666666665
1452.0
1452.0
1445.3333333333335
1445.3333333333333
1445.3333333333335
1444.0
1442.6666666666665
1442.6666666666665
1438.6666666666665
1442.6666666666667
1438.6666666666667
1441.3333333333333
1438.6666666666665
1442.6666666666667
1440.0
1436.0
1440.0
1441.3333333333333
1444.0
1444.0
1446.6666666666667
1444.0
1446.6666666666665
1446.6666666666665
1448.0
1445.3333333333333
1448.0
1449.3333333333333
1450.6666666666667
1452.0
1454.6666666666665
1454.6666666666665
1460.0
1460.0
1461.3333333333333
1453.3333333333333
1457.3333333333333
1461.3333333333333
1464.0
1458.6666666666665
1461.3333333333333
1464.0
1460.0
1461.3333333333333
1465.3333333333333
1466.6666666666667
1469.3333333333333
1474.6666666666665
1477.3333333333333
1471.9999999999998
1476.0
1480.0
1485.3333333333333
1478.6666666666667
1480.0
1481.3333333333333
1477.3333333333333
1477.3333333333333
1478.6666666666665
1480.0
1482.6666666666665
1485.3333333333333
1488.0
1481.3333333333333
1482.6666666666665
1485.3333333333333
1486.6666666666665
1481.3333333333333
1481.3333333333333
1484.0
1478.6666666666667
1481.3333333333333
1484.0
1485.3333333333333
1485.3333333333333
1489.3333333333333
1492.0
1488.0
1489.3333333333333
1492.0
1493.3333333333333
1490.6666666666665
1489.3333333333333
1493.3333333333335
1490.6666666666665
1488.0
1488.0
1490.6666666666665
1490.6666666666665
1492.0
1498.6666666666667
1497.3333333333333
1504.0000000000002
1509.3333333333333
1509.3333333333333
1511.9999999999998
1513.3333333333333
1516.0
1517.3333333333335
1520.0
1522.6666666666665
1525.3333333333335
1526.6666666666667
1528.0
1529.3333333333335
1525.3333333333335
1529.3333333333333
1530.6666666666665
1534.6666666666665
1533.3333333333335
1534.6666666666667
1536.0
1533.3333333333333
1533.3333333333335
1537.3333333333333
1538.6666666666667
1544.0
1546.6666666666665
1546.6666666666665
1541.3333333333333
1544.0000000000002
1548.0
1548.0
1543.9999999999998
1545.3333333333333
1549.3333333333335
1544.0
1545.3333333333333
1550.6666666666667
1552.0
1555.9999999999998
1557.3333333333333
1560.0
1560.0
1564.0
1564.0
1565.3333333333333
1568.0
1569.3333333333335
1572.0
1570.6666666666667
1573.3333333333333
1574.6666666666665
1577.3333333333333
1581.3333333333335
1582.6666666666667
1585.3333333333333
1577.3333333333333
1578.6666666666665
1581.3333333333333
1581.3333333333333
1576.0
1578.6666666666667
1581.3333333333333
1577.3333333333333
1584.0
1586.6666666666667
1590.6666666666667
1592.0
1593.3333333333333
1597.3333333333335
1597.3333333333335
1603.9999999999998
1609.3333333333335
1610.6666666666667
1613.3333333333333
1613.3333333333333
1618.6666666666667
1622.6666666666667
1625.3333333333333
1630.6666666666665
1631.9999999999998
1636.0
1638.6666666666667
1644.0
1641.3333333333333
1646.6666666666667
1649.3333333333333
1654.6666666666667
1650.6666666666665
1656.0
1657.3333333333333
1658.6666666666667
1653.3333333333333
1658.6666666666665
1661.3333333333335
1666.6666666666667
1669.3333333333333
1672.0
1667.9999999999998
1670.6666666666665
1676.0000000000002
1678.6666666666667
1673.3333333333333
1678.6666666666667
1680.0
1677.3333333333333
1677.3333333333333
1681.3333333333333
1676.0
1682.6666666666665
1680.0
1680.0000000000002
1678.6666666666665
1677.3333333333333
1677.3333333333333
1672.0
1674.6666666666667
1678.6666666666667
1680.0
1681.3333333333333
1682.6666666666667
1685.3333333333333
1682.6666666666667
1685.3333333333335
1685.3333333333335
1689.3333333333333
1686.6666666666667
1692.0
1692.0
1693.3333333333333
1693.3333333333333
1697.3333333333335
1697.3333333333335
1701.3333333333333
1702.6666666666667
1704.0000000000002
1702.6666666666665
1705.3333333333333
1708.0
1710.6666666666667
1708.0000000000002
1713.3333333333333
1718.6666666666667
1717.3333333333335
1718.6666666666667
1720.0000000000002
1722.6666666666667
1725.3333333333335
1726.6666666666667
1728.0
1722.6666666666667
1726.6666666666667
1730.6666666666667
1733.3333333333333
1729.3333333333333
1734.6666666666665
1734.6666666666665
1732.0
1732.0
1733.3333333333333
1734.6666666666665
1737.3333333333333
1737.3333333333333
1740.0
1737.3333333333333
1738.6666666666665
1738.6666666666665
1742.6666666666667
1741.3333333333333
1744.0
1744.0
1745.3333333333335
1748.0
1750.6666666666667
1752.0
1753.3333333333333
1755.9999999999998
1760.0
1754.6666666666667
1756.0000000000002
1760.0
1762.6666666666667
1756.0
1761.3333333333333
1764.0
1757.3333333333333
1760.0
1760.0
1755.9999999999998
1757.3333333333333
1753.3333333333333
1753.3333333333333
1753.3333333333335
1753.3333333333333
1750.6666666666667
1746.6666666666665
1748.0
1746.6666666666667
1746.6666666666667
1749.3333333333333
1750.6666666666667
1752.0
1749.3333333333333
1749.3333333333333
1752.0
1757.3333333333333
1756.0
1758.6666666666667
1760.0
1758.6666666666667
1761.3333333333335
1764.0
1768.0000000000002
1769.3333333333335
1772.0
1772.0
1765.3333333333333
1769.3333333333335
1770.6666666666667
1773.3333333333333
1768.0
1768.0
1769.3333333333333
1762.6666666666665
1765.3333333333335
1766.6666666666667
1768.0
1773.3333333333333
1774.6666666666665
1776.0
1774.6666666666667
1776.0
1778.6666666666667
1780.0
1778.6666666666665
1780.0
1781.3333333333333
1780.0
1782.6666666666665
1782.6666666666665
1783.9999999999998
1785.3333333333333
1788.0
1788.0
1781.3333333333333
1782.6666666666665
1783.9999999999998
1783.9999999999998
1778.6666666666665
1777.3333333333333
1778.6666666666665
1773.3333333333333
1771.9999999999998
1769.3333333333333
1763.9999999999998
1765.3333333333333
1760.0
1758.6666666666665
1756.0
1751.9999999999998
1750.6666666666665
1746.6666666666667
1743.9999999999998
1741.3333333333333
1738.6666666666665
1736.0
1733.3333333333333
1732.0
1729.3333333333333
1728.0
1723.9999999999998
1721.3333333333333
1717.3333333333333
1714.6666666666665
1714.6666666666665
1714.6666666666665
1714.6666666666665
1714.6666666666665
1712.0
1714.6666666666667
1714.6666666666667
1714.6666666666667
1714.6666666666665
1713.3333333333333
1714.6666666666667
1713.3333333333335
1712.0
1712.0
1709.3333333333335
1709.3333333333335
1708.0
1706.6666666666667
1706.6666666666667
1705.3333333333333
1705.3333333333333
1702.6666666666667
1702.6666666666667
1701.3333333333333
1701.3333333333333
1704.0
1705.3333333333333
1705.3333333333333
1697.3333333333333
1697.3333333333333
1697.3333333333333
1697.3333333333333
1690.6666666666665
1690.6666666666665
1692.0
1685.3333333333333
1685.3333333333333
1685.3333333333333
1686.6666666666665
1686.6666666666665
1690.6666666666665
1690.6666666666665
1688.0
1689.3333333333333
1689.3333333333333
1690.6666666666665
1688.0
1689.3333333333333
1689.3333333333333
1688.0
1689.3333333333333
1689.3333333333333
1686.6666666666665
1689.3333333333333
1687.9999999999998
1687.9999999999998
1689.3333333333333
1688.0
1688.0
1686.6666666666665
1687.9999999999998
1690.6666666666667
1692.0
1693.3333333333335
1693.3333333333335
1694.6666666666667
1692.0
1692.0
1693.3333333333335
1693.3333333333335
1692.0
1692.0
1692.0
1689.3333333333335
1689.3333333333335
1689.3333333333335
1689.3333333333335
1689.3333333333335
1689.3333333333335
1689.3333333333335
1686.6666666666665
1686.6666666666665
1686.6666666666665
1686.6666666666665
1684.0
1684.0
1685.3333333333333
1684.0000000000002
1686.6666666666667
1686.6666666666667
1688.0
1689.3333333333333
1689.3333333333333
1689.3333333333333
1688.0
1688.0
1688.0
1689.3333333333335
1686.6666666666667
1686.6666666666667
1686.6666666666667
1684.0
1684.0
1684.0
1685.3333333333333
1685.3333333333333
1688.0000000000002
1690.6666666666667
1685.3333333333335
1685.3333333333335
1685.3333333333335
1685.3333333333335
1678.6666666666667
1678.6666666666667
1680.0
1674.6666666666667
1673.3333333333333
1670.6666666666667
1670.6666666666667
1669.3333333333335
1665.3333333333335
1662.6666666666667
1661.3333333333335
1656.0
1656.0000000000002
1652.0
1648.0000000000002
1648.0000000000002
1645.3333333333335
1642.6666666666667
1637.3333333333335
1634.6666666666667
1630.6666666666667
1626.6666666666667
1624.0
1621.3333333333335
1617.3333333333333
1616.0
1616.0
1616.0
1616.0
1612.0
1610.6666666666667
1610.6666666666667
1610.6666666666667
1610.6666666666667
1605.3333333333335
1605.3333333333335
1605.3333333333335
1602.6666666666667
1602.6666666666667
1601.3333333333335
1596.0
1596.0
1594.6666666666665
1592.0000000000002
1590.6666666666667
1585.3333333333335
1585.3333333333335
1578.6666666666667
1578.6666666666667
1574.6666666666667
1570.6666666666667
1569.3333333333333
1564.0
1562.6666666666667
1557.3333333333333
1553.3333333333333
1549.3333333333333
1545.3333333333333
1542.6666666666665
1538.6666666666665
1538.6666666666665
1538.6666666666665
1538.6666666666665
1538.6666666666665
1530.6666666666665
1530.6666666666665
1530.6666666666665
1530.6666666666665
1524.0
1522.6666666666665
1522.6666666666665
1516.0
1514.6666666666665
1514.6666666666665
1514.6666666666665
1514.6666666666665
1514.6666666666665
1514.6666666666665
1512.0
1512.0
1512.0
1512.0
1509.3333333333333
1509.3333333333333
1509.3333333333333
1506.6666666666665
1506.6666666666665
1506.6666666666665
1504.0
1504.0
1504.0
1501.3333333333333
1501.3333333333333
1498.6666666666665
1498.6666666666665
1497.3333333333333
1497.3333333333333
1497.3333333333333
1495.9999999999998
1495.9999999999998
1494.6666666666665
1494.6666666666665
1493.3333333333333
1491.9999999999998
1491.9999999999998
1490.6666666666665
1490.6666666666665
1489.3333333333333
1489.3333333333333
1489.3333333333333
1491.9999999999998
1493.3333333333333
1492.0000000000002
1492.0000000000002
1492.0000000000002
1492.0000000000002
1493.3333333333335
1494.6666666666667
1496.0
1497.3333333333333
1498.6666666666667
1498.6666666666667
1501.3333333333335
1504.0
1505.3333333333333
1505.3333333333333
1506.6666666666667
1506.6666666666667
1506.6666666666667
1508.0
1509.3333333333335
1510.6666666666667
1510.6666666666667
1513.3333333333333
1514.6666666666667
1516.0
1516.0
1517.3333333333333
1518.6666666666667
1518.6666666666667
1512.0000000000002
1512.0000000000002
1512.0000000000002
1512.0000000000002
1506.6666666666667
1506.6666666666667
1505.3333333333333
1500.0
1500.0
1501.3333333333333
1504.0
1505.3333333333335
1509.3333333333333
1508.0
1510.6666666666667
1514.6666666666665
1516.0
1517.3333333333333
1518.6666666666665
1522.6666666666667
1526.6666666666665
1526.6666666666665
1529.3333333333333
1530.6666666666665
1533.3333333333333
1534.6666666666665
1537.3333333333333
1540.0
1532.0
1536.0
1536.0
1538.6666666666665
1533.3333333333333
1535.9999999999998
1537.3333333333333
1534.6666666666665
1534.6666666666667
1540.0
1541.3333333333333
1546.6666666666665
1552.0
1553.3333333333333
1550.6666666666667
1553.3333333333333
1554.6666666666667
1561.3333333333333
1554.6666666666665
1557.3333333333333
1558.6666666666667
1552.0
1554.6666666666665
1555.9999999999998
1558.6666666666665
1561.3333333333335
1561.3333333333335
1564.0
1556.0
1558.6666666666665
1559.9999999999998
1561.3333333333333
1556.0
1557.3333333333335
1558.6666666666667
1554.6666666666665
1553.3333333333333
1554.6666666666667
1554.6666666666667
1558.6666666666667
1558.6666666666667
1560.0
1553.3333333333333
1554.6666666666667
1554.6666666666667
1556.0
1549.3333333333335
1549.3333333333333
1549.3333333333333
1544.0000000000002
1542.6666666666667
1544.0
1544.0
1545.3333333333333
1545.3333333333333
1546.6666666666667
1544.0
1545.3333333333335
1545.3333333333335
1546.6666666666667
1545.3333333333335
1546.6666666666667
1546.6666666666667
1548.0
1545.3333333333335
1546.6666666666667
1546.6666666666667
1548.0000000000002
1548.0000000000002
1549.3333333333335
1541.3333333333335
1542.6666666666667
1542.6666666666667
1544.0000000000002
1537.3333333333335
1537.3333333333335
1537.3333333333335
1533.3333333333333
1530.6666666666667
1530.6666666666667
1526.6666666666667
1525.3333333333335
1522.6666666666667
1518.6666666666667
1516.0
1513.3333333333335
1509.3333333333335
1510.6666666666667
1505.3333333333333
1505.3333333333333
1505.3333333333333
1508.0
1509.3333333333333
1512.0
1505.3333333333335
1506.6666666666667
1506.6666666666667
1509.3333333333333
1502.6666666666667
1504.0
1505.3333333333333
1501.3333333333333
1501.3333333333335
1504.0
1505.3333333333335
1506.6666666666667
1508.0
1509.3333333333335
1509.3333333333335
1512.0
1512.0
1513.3333333333335
1513.3333333333335
1516.0
1517.3333333333335
1518.6666666666667
1518.6666666666667
1520.0
1520.0
1521.3333333333335
1522.6666666666667
1525.3333333333335
1524.0
1528.0
1528.0
1530.6666666666667
1528.0000000000002
1532.0
1533.3333333333335
1534.6666666666667
1534.6666666666667
1536.0
1536.0
1538.6666666666665
1540.0
1545.3333333333333
1538.6666666666667
1540.0000000000002
1541.3333333333335
1544.0000000000002
1538.6666666666667
1540.0
1541.3333333333333
1538.6666666666667
1540.0000000000002
1544.0
1544.0
1544.0
1546.6666666666665
1550.6666666666667
1544.0
1545.3333333333335
1545.3333333333335
1548.0
1541.3333333333335
1542.6666666666667
1545.3333333333335
1538.6666666666667
1542.6666666666667
1542.6666666666667
1544.0
1544.0
1546.6666666666667
1548.0
1547.9999999999998
1549.3333333333333
1550.6666666666667
1550.6666666666667
1553.3333333333333
1554.6666666666665
1557.3333333333333
1557.3333333333333
1560.0
1560.0
1561.3333333333333
1562.6666666666667
1564.0
1564.0
1557.3333333333333
1557.3333333333333
1558.6666666666667
1558.6666666666667
1552.0
1554.6666666666667
1558.6666666666667
1552.0
1553.3333333333335
1553.3333333333335
1556.0
1556.0
1560.0
1561.3333333333335
1562.6666666666667
1566.6666666666667
1569.3333333333335
1573.3333333333335
1574.6666666666667
1580.0
1584.0
1585.3333333333335
1589.3333333333333
1596.0
1600.0000000000002
1605.3333333333333
1609.3333333333333
1614.6666666666667
1616.0
1621.3333333333333
1625.3333333333333
1630.6666666666665
1633.3333333333335
1637.3333333333333
1638.6666666666665
1640.0
1639.9999999999998
1642.6666666666667
1646.6666666666667
1652.0
1653.3333333333333
1656.0
1660.0
1664.0000000000002
1666.6666666666667
1670.6666666666667
1672.0
1674.6666666666667
1677.3333333333333
1680.0
1681.3333333333335
1684.0
1677.3333333333335
1680.0
1682.6666666666667
1685.3333333333335
1678.6666666666667
1681.3333333333335
1680.0
1677.3333333333333
1677.3333333333333
1681.3333333333335
1681.3333333333335
1685.3333333333335
1685.3333333333335
1689.3333333333333
1688.0
1692.0
1692.0
1696.0000000000002
1694.6666666666667
1700.0000000000002
1701.3333333333335
1705.3333333333333
1705.3333333333333
1709.3333333333333
1710.6666666666667
1714.6666666666667
1716.0
1720.0
1713.3333333333333
1717.3333333333333
1717.3333333333333
1721.3333333333335
1720.0
1723.9999999999998
1723.9999999999998
1724.0
1722.6666666666667
1726.6666666666667
1726.6666666666667
1732.0000000000002
1732.0000000000002
1738.6666666666665
1738.6666666666665
1742.6666666666667
1745.3333333333335
1750.6666666666667
1753.3333333333333
1756.0
1756.0
1758.6666666666667
1758.6666666666667
1762.6666666666665
1764.0
1766.6666666666667
1766.6666666666667
1769.3333333333333
1767.9999999999998
1770.6666666666667
1770.6666666666667
1773.3333333333333
1773.3333333333333
1776.0
1778.6666666666667
1780.0
1781.3333333333335
1784.0
1784.0
1786.6666666666667
1786.6666666666667
1790.6666666666667
1782.6666666666667
1785.3333333333333
1785.3333333333333
1790.6666666666667
1782.6666666666667
1785.3333333333333
1785.3333333333333
1782.6666666666665
1782.6666666666665
1785.3333333333333
1785.3333333333333
1788.0
1788.0
1790.6666666666665
1790.6666666666665
1793.3333333333333
1793.3333333333333
1796.0
1796.0
1798.6666666666665
1798.6666666666665
1801.3333333333333
1801.3333333333333
1804.0
1804.0
1806.6666666666665
1806.6666666666665
1809.3333333333333
