0.0
0.0
0.0
0.0
0.0
0.0
0.0
0.0
0.0
0.0
0.0
0.0
0.0
0.0
0.0
0.0
0.0
0.0
0.0
0.0
0.0
0.0
0.0
0.0
0.0
0.0
0.0
0.0
0.0
0.0
0.0
0.0
0.0
0.0
0.0
0.0004166666666666667
0.0004166666666666667
0.0004166666666666667
0.0004166666666666667
0.0004166666666666667
0.0004166666666666667
0.0004166666666666667
0.0008333333333333334
0.0008333333333333334
0.0008333333333333334
0.0008333333333333334
0.00125
0.00125
0.00125
0.00125
0.00125
0.00125
0.00125
0.00125
0.00125
0.00125
0.00125
0.00125
0.00125
0.00125
0.00125
0.00125
0.00125
0.00125
0.00125
0.00125
0.00125
0.0016666666666666668
0.0016666666666666668
0.0016666666666666668
0.0016666666666666668
0.0016666666666666668
0.0016666666666666668
0.0016666666666666668
0.0016666666666666668
0.0016666666666666668
0.0016666666666666668
0.0016666666666666668
0.0016666666666666668
0.0016666666666666668
0.0016666666666666668
0.0016666666666666668
0.0020833333333333333
0.0020833333333333333
0.0020833333333333333
0.0020833333333333333
0.0020833333333333333
0.0020833333333333333
0.0020833333333333333
0.0016666666666666668
0.0016666666666666668
0.0016666666666666668
0.0016666666666666668
0.0016666666666666668
0.0020833333333333333
0.0020833333333333333
0.0020833333333333333
0.0020833333333333333
0.0020833333333333333
0.0020833333333333333
0.0020833333333333333
0.0020833333333333333
0.0020833333333333333
0.0020833333333333333
0.0020833333333333333
0.0020833333333333333
0.0020833333333333333
0.0020833333333333333
0.0020833333333333333
0.0020833333333333333
0.0025
0.0025
0.002916666666666667
0.002916666666666667
0.002916666666666667
0.002916666666666667
0.002916666666666667
0.002916666666666667
0.002916666666666667
0.002916666666666667
0.002916666666666667
0.002916666666666667
0.002916666666666667
0.00375
0.00375
0.004166666666666667
0.004166666666666667
0.004166666666666667
0.004166666666666667
0.004583333333333333
0.004583333333333333
0.005
0.005
0.005
0.005
0.005
0.005
0.005
0.005
0.005
0.005
0.005
0.005416666666666667
0.005416666666666667
0.005416666666666667
0.005416666666666667
0.005416666666666667
0.005416666666666667
0.005416666666666667
0.005416666666666667
0.005416666666666667
0.005416666666666667
0.005416666666666667
0.005416666666666667
0.005416666666666667
0.005416666666666667
0.005416666666666667
0.005416666666666667
0.005416666666666667
0.005416666666666667
0.005833333333333334
0.005833333333333334
0.005833333333333334
0.005833333333333334
0.005833333333333334
0.005833333333333334
0.005833333333333334
0.005833333333333334
0.005833333333333334
0.005833333333333334
0.005833333333333334
0.005833333333333334
0.00625
0.00625
0.007083333333333333
0.007083333333333333
0.007083333333333333
0.007083333333333333
0.007083333333333333
0.007083333333333333
0.007083333333333333
0.0075
0.0075
0.0075
0.0075
0.0075
0.0075
0.0075
0.0075
0.0075
0.0075
0.0075
0.007916666666666667
0.008333333333333333
0.008333333333333333
0.008749999999999999
0.008749999999999999
0.008749999999999999
0.009166666666666665
0.009583333333333333
0.009583333333333333
0.009583333333333333
0.009583333333333333
0.009466531047390996
0.009272151274235132
0.009166666666666667
0.009166666666666667
0.009166666666666667
0.01
0.01
0.010416666666666666
0.010416666666666666
0.010416666666666666
0.010416666666666666
0.010416666666666666
0.010416666666666666
0.010833333333333332
0.010833333333333332
0.010833333333333332
0.010833333333333332
0.010833333333333332
0.01125
0.01125
0.01125
0.01125
0.01125
0.011666666666666667
0.012083333333333333
0.012083333333333333
0.012083333333333333
0.012499999999999999
0.012197253419915814
0.011452454062455236
0.010833333333333332
0.010833333333333332
0.010337221338258417
0.009166666666666667
0.009583333333333333
0.008735111371960803
0.008333333333333333
0.008333333333333333
0.008333333333333333
0.008333333333333333
0.008749999999999999
0.008749999999999999
0.00875
0.009166666666666667
0.009166666666666667
0.009583333333333333
0.009583333333333333
0.009583333333333334
0.009583333333333334
0.010416666666666666
0.010416666666666666
0.010833333333333334
0.010833333333333334
0.010833333333333334
0.011666666666666667
0.011666666666666667
0.011534139151897601
0.011769246160139262
0.011666666666666667
0.011678370690274232
0.011489484804294686
0.011666666666666667
0.011666666666666667
0.011666666666666667
0.011666666666666667
0.011666666666666667
0.011666666666666667
0.011666666666666667
0.011666666666666667
0.011350012220118192
0.011109856180913966
0.010902906917820749
0.010833333333333334
0.010833333333333334
0.010587584551691957
0.010416666666666666
0.010416666666666666
0.010416666666666666
0.010416666666666666
0.011250000000000001
0.011250000000000001
0.012083333333333333
0.012916666666666668
0.012916666666666668
0.01210581018351554
0.011648100876645136
0.010833333333333334
0.011250000000000001
0.010980064750836694
0.010056766413061241
0.01
0.010098997913103015
0.01
0.01
0.01
0.01
0.01
0.01
0.010302557055846413
0.01009483759673531
0.01
0.01
0.010416666666666666
0.010416666666666666
0.010416666666666666
0.010416666666666666
0.010833333333333334
0.01125
0.01125
0.01125
0.01125
0.011666666666666665
0.012384421224161847
0.012622406747754061
0.0125
0.012916666666666667
0.012916666666666667
0.012916666666666667
0.012916666666666667
0.012916666666666667
0.012916666666666667
0.013333333333333332
0.013333333333333332
0.013333333333333332
0.013333333333333332
0.013333333333333332
0.013578948953745548
0.013004492253262752
0.012916666666666667
0.012916666666666667
0.012477648011874369
0.01132204639084788
0.01125
0.010800896507839951
0.010416666666666664
0.010416666666666664
0.010416666666666664
0.010416666666666664
0.010416666666666664
0.010833333333333332
0.01125
0.010833333333333332
0.010833333333333332
0.010416666666666664
0.010416666666666664
0.010416666666666664
0.010416666666666664
0.010833333333333332
0.010833333333333332
0.010833333333333332
0.010833333333333332
0.010833333333333332
0.01125
0.01125
0.011666666666666665
0.011666666666666665
0.011666666666666665
0.012083333333333331
0.012083333333333331
0.012499999999999999
0.012499999999999999
0.012916666666666667
0.012916666666666667
0.012916666666666667
0.012916666666666667
0.013333333333333334
0.01375
0.01375
0.01375
0.01375
0.01375
0.01375
0.015
0.015416666666666665
0.016249999999999997
0.01625
0.01625
0.01625
0.01625
0.016666666666666666
0.01708333333333333
0.017916666666666668
0.01833333333333333
0.01833333333333333
0.01833333333333333
0.01875
0.01875
0.01875
0.01894049303062582
0.01854689893907415
0.018333333333333333
0.01875
0.01875
0.01875
0.01875
0.01875
0.01875
0.01875
0.01875
0.019166666666666665
0.019166666666666665
0.019166666666666665
0.01958333333333333
0.019999999999999997
0.019999999999999997
0.019999999999999997
0.019999999999999997
0.019999999999999997
0.019999999999999997
0.020833333333333332
0.021249999999999998
0.021249999999999998
0.021249999999999998
0.021249999999999998
0.021249999999999998
0.021249999999999998
0.021050472076625557
0.02069480410259209
0.020416666666666666
0.021249999999999998
0.021552650011213766
0.020911153065624792
0.021249999999999998
0.021076619656503072
0.020416666666666666
0.020416666666666666
0.020416666666666666
0.020833333333333332
0.020833333333333332
0.020833333333333332
0.02077546525436327
0.020626460400656736
0.020843626555663432
0.02125
0.02125
0.02125
0.02125
0.022083333333333333
0.022083333333333333
0.022916666666666665
0.023333333333333334
0.023749999999999997
0.024166666666666666
0.024166666666666666
0.024583333333333332
0.025416666666666667
0.026250000000000002
0.026250000000000002
0.026250000000000002
0.026666666666666665
0.026666666666666665
0.026666666666666665
0.026666666666666665
0.026666666666666665
0.026666666666666665
0.027916666666666666
0.027916666666666663
0.028333333333333332
0.028240628254875486
0.028494005848563025
0.029166666666666664
0.029166666666666664
0.029166666666666664
0.029166666666666664
0.029583333333333333
0.03
0.03041666666666666
0.030416666666666665
0.031249999999999997
0.031249999999999993
0.03166666666666666
0.03166666666666666
0.03188076567196849
0.031533573960983
0.03125
0.03208333333333333
0.03185184358832145
0.03208835219089113
0.0325
0.03298496835814504
0.032499999999999994
0.032499999999999994
0.032916666666666664
0.032916666666666664
0.03291666666666667
0.03333333333333333
0.033749999999999995
0.033749999999999995
0.033749999999999995
0.03375
0.03375
0.03416666666666667
0.03416666666666667
0.03416666666666667
0.03416666666666667
0.034583333333333334
0.034583333333333334
0.035
0.035
0.035
0.035
0.03583333333333333
0.036250000000000004
0.036250000000000004
0.036250000000000004
0.03666666666666667
0.03708333333333333
0.037083333333333336
0.037083333333333336
0.037083333333333336
0.0373128561469441
0.037361460910027955
0.037083333333333336
0.037083333333333336
0.03681438896460609
0.03666666666666667
0.03666666666666667
0.036502043229878225
0.03666666666666667
0.037083333333333336
0.03791666666666667
0.03833333333333333
0.03833333333333333
0.03833333333333333
0.03775142579480224
0.03667361819673402
0.03584966443725719
0.035833333333333335
0.03588081311120614
0.03510707690457974
0.035
0.03470409604345341
0.032965489074777664
0.032916666666666664
0.032916666666666664
0.03333333333333333
0.03333333333333333
0.03375
0.033545688020079206
0.03318170869831054
0.03333333333333333
0.03333333333333333
0.033243156877092735
0.03292598192013839
0.032916666666666664
0.03279423426977838
0.0325
0.0325
0.032916666666666664
0.03333333333333333
0.03333333333333333
0.03333333333333333
0.0327284611333968
0.032006901838887644
0.03125
0.03125
0.03050742609715395
0.028905001201233394
0.02916666666666667
0.028654873853607245
0.027148115509100807
0.027083333333333334
0.0275
0.027916666666666666
0.027916666666666666
0.027916666666666666
0.027916666666666666
0.027916666666666666
0.027916666666666666
0.028333333333333335
0.02875
0.029166666666666667
0.029583333333333333
0.03
0.03125
0.03166666666666667
0.03166666666666667
0.03208333333333333
0.0325
0.0325
0.032765221946899806
0.0320539456745783
0.03253827390758559
0.0325
0.032133454883812494
0.03157758333819837
0.03125
0.031047561416970675
0.03006335000179281
0.030763084549872248
0.029611872761980698
0.028914564605089434
0.028693280973019254
0.02848701301255455
0.027822999259406882
0.027100038543296942
0.02674365157577483
0.02616172754094158
0.024765546582623255
0.025
0.025
0.025416666666666664
0.025833333333333333
0.027083333333333334
0.027461801357292315
0.026711710893933715
0.026666666666666665
0.026666666666666665
0.02694593344556098
0.02627761612763688
0.026666666666666672
0.0275
0.0275
0.027916666666666666
0.028333333333333332
0.028333333333333332
0.028749999999999998
0.02844471994236027
0.029090736477673088
0.028744755269128335
0.028749999999999998
0.028749999999999998
0.028408313309321753
0.02799403521311304
0.027808110130868906
0.027037812041971754
0.025833333333333333
0.025833333333333333
0.0275
0.027916666666666666
0.028333333333333332
0.028728073003149175
0.028333333333333335
0.03
0.030833333333333334
0.03125
0.03208333333333333
0.0325
0.03291666666666667
0.03291666666666667
0.03291666666666667
0.03416666666666667
0.03416666666666667
0.03416666666666667
0.03416666666666667
0.03416666666666667
0.033507883979679666
0.032827214327439666
0.03208333333333334
0.03208333333333334
0.03129151360886642
0.0301045697957872
0.030000000000000002
0.02888962475311852
0.02750235932303857
0.027916666666666666
0.027916666666666666
0.027916666666666666
0.027916666666666666
0.028333333333333335
0.028182948004787184
0.028280646123062917
0.028344759681611376
0.02833333333333333
0.028749999999999998
0.028749999999999998
0.029583333333333333
0.029999999999999995
0.030416666666666665
0.03041666666666666
0.03083333333333333
0.03083333333333333
0.03166666666666666
0.032916666666666664
0.03355784553863428
0.0335866239456779
0.03375
0.03416666666666667
0.03436914176000092
0.03418068307303509
0.03458333333333334
0.03443064279254313
0.03378493127417191
0.03375
0.034583333333333334
0.034583333333333334
0.034583333333333334
0.034583333333333334
0.03438773213307776
0.03326584746223191
0.0325
0.032916666666666664
0.03259660446600178
0.030900189430413054
0.03125
0.03136323348878134
0.02936273622442824
0.030416666666666665
0.030416666666666665
0.031249999999999997
0.03125
0.03208333333333333
0.03208333333333333
0.03208333333333333
0.03208333333333333
0.0325
0.0325
0.03333333333333333
0.03333333333333333
0.033749999999999995
0.033749999999999995
0.033749999999999995
0.034166666666666665
0.034166666666666665
0.03458333333333333
0.034999999999999996
0.03541666666666666
0.03666666666666666
0.0375
0.03791666666666666
0.03791666666666666
0.03833333333333333
0.03833333333333333
0.03833333333333333
0.03875
0.03916666666666666
0.038954261838178995
0.03822011182853206
0.03833333333333333
0.03875
0.03799888565803154
0.03755334532684659
0.03748955104288116
0.03659706851417167
0.03551468027588594
0.03583333333333333
0.034047573452698154
0.033333333333333326
0.03292195501406083
0.031320451852363214
0.03134519794530681
0.02957382995218596
0.02909331458170764
0.02775556857659934
0.02666666666666667
0.02625
0.027083333333333334
0.027083333333333334
0.0275
0.02875
0.029038995716428387
0.029258375979425003
0.029553796573358427
0.029166666666666667
0.029858396768917925
0.03
0.03083333333333333
0.030717153684025854
0.03125
0.03125
0.03125
0.03166666666666666
0.03166666666666666
0.03208333333333333
0.0325
0.03333333333333333
0.03333333333333333
0.033749999999999995
0.034166666666666665
0.034166666666666665
0.034583333333333334
0.034999999999999996
0.035416666666666666
0.035833333333333335
0.03625
0.03625
0.03625
0.03666666666666667
0.036362536164910406
0.03556240193775039
0.034999999999999996
0.03583333333333333
0.03509843677148239
0.03375
0.033749999999999995
0.032182414290542374
0.03208333333333333
0.0325
0.032916666666666664
0.032916666666666664
0.03375
0.034166666666666665
0.034166666666666665
0.034166666666666665
0.034583333333333334
0.034583333333333334
0.034999999999999996
0.034999999999999996
0.03583333333333333
0.03583333333333333
0.03583333333333333
0.03583333333333333
0.03625
0.03666666666666667
0.03666666666666667
0.03666666666666667
0.0368715923626135
0.03733021443033397
0.03708333333333333
0.03708333333333333
0.036856649205342346
0.0366801126905117
0.03833333333333333
0.038996251241426846
0.03916666666666666
0.03958333333333333
0.039999999999999994
0.04041666666666666
0.04041666666666666
0.04041666666666666
0.04007473854022104
0.038847707920266386
0.03833333333333333
0.03870919742752382
0.037312264513073554
0.03666666666666666
0.0366484161675586
0.035555511114159395
0.034583333333333334
0.034583333333333334
0.034583333333333334
0.035416666666666666
0.03583333333333333
0.03666666666666666
0.03642709953059356
0.036041305720901876
0.03583333333333333
0.03583333333333333
0.03595963905701735
0.03630635845391658
0.03708333333333333
0.03728495757615038
0.0375
0.0375
0.037218479370139286
0.03833333333333333
0.03833333333333333
0.03833333333333333
0.03916666666666666
0.03875
0.03916666666666666
0.03916666666666666
0.03958333333333333
0.03958333333333333
0.04
0.04
0.04041666666666666
0.04083333333333333
0.04020298420192131
0.03946142948946179
0.03875
0.03875
0.037873965593199825
0.03676871130012066
0.03666666666666667
0.03689990546947141
0.03527202289948245
0.035416666666666666
0.035833333333333335
0.035833333333333335
0.03666666666666667
0.037500000000000006
0.03791666666666667
0.03791666666666667
0.03833333333333334
0.03833333333333334
0.03833333333333333
0.03916666666666666
0.03916666666666667
0.03958333333333333
0.039999999999999994
0.039999999999999994
0.039999999999999994
0.039999999999999994
0.04083333333333333
0.04083333333333333
0.04052523032998154
0.04011068720923806
0.039999999999999994
0.04041666666666667
0.0394638432836303
0.03797599424265939
0.03791666666666667
0.03712699622296958
0.03666666666666667
0.03666666666666667
0.03666666666666667
0.03791666666666667
0.03833333333333333
0.03875
0.03852885470192726
0.03900818542384001
0.03875
0.03916666666666667
0.039882595469670254
0.03924706417486763
0.03958333333333333
0.03952817796183995
0.03916666666666667
0.03958333333333333
0.039999999999999994
0.039999999999999994
0.04083333333333333
0.041249999999999995
0.042083333333333334
0.042083333333333334
0.04291666666666666
0.04291666666666667
0.04250000000000001
0.04291666666666667
0.043333333333333335
0.043333333333333335
0.044166666666666674
0.04500000000000001
0.04500000000000001
0.04583333333333334
0.04583333333333334
0.04583333333333334
0.04583333333333334
0.04583333333333334
0.04583333333333334
0.04625
0.046666666666666676
0.046666666666666676
0.04708333333333334
0.04875
0.049166666666666664
0.049166666666666664
0.048505466913157116
0.04735661195976987
0.04708333333333334
0.0475
0.04701815872379964
0.04625820149313685
0.046250000000000006
0.04586150776720952
0.044583333333333336
0.04458333333333334
0.045000000000000005
0.04541666666666667
0.046250000000000006
0.04666666666666667
0.04646279344664132
0.045311397872666935
0.04501948672201415
0.04541666666666667
0.045183781280928585
0.044521285364464126
0.044166666666666674
0.04447441728513964
0.043486380604878846
0.04375000000000001
0.04375
0.044166666666666674
0.044166666666666674
0.044166666666666674
0.04392135202875941
0.04391841907692527
0.04375000000000001
0.043750000000000004
0.04435462697719815
0.04417782753992137
0.045416666666666675
0.04554619942811033
0.045456861651087914
0.045416666666666675
0.0460572140389238
0.04583333333333334
0.046250000000000006
0.045833333333333344
0.046250000000000006
0.04666666666666667
0.04666666666666667
0.04708333333333334
0.04791666666666667
0.04791666666666667
0.04791666666666667
0.04833333333333334
0.04833333333333334
0.04875000000000001
0.04875000000000001
0.04916666666666667
0.04958333333333333
0.05
0.05
0.05083333333333334
0.05166666666666667
0.05166666666666667
0.05250680965159223
0.052916666666666674
0.052916666666666674
0.05333333333333334
0.05333333333333334
0.05333333333333334
0.053750000000000006
0.054166666666666675
0.054166666666666675
0.05458333333333334
0.05458333333333334
0.05541666666666668
0.056666666666666664
0.057083333333333326
0.0575
0.0575
0.05809315983798403
0.058535903576311436
0.058750000000000004
0.059166666666666666
0.058990622674142616
0.058750000000000004
0.058750000000000004
0.05940803550452244
0.059166666666666666
0.06041666666666665
0.06124999999999999
0.06208333333333333
0.06208333333333333
0.06249999999999999
0.0625
0.06249999999999999
0.06249999999999999
0.06291666666666666
0.06375
0.06375
0.06375
0.065
0.06541666666666666
0.06583333333333333
0.06583333333333334
0.06666666666666667
0.06708333333333333
0.06708333333333333
0.0675
0.06833333333333333
0.06916666666666667
0.06958333333333333
0.06958333333333333
0.07041666666666667
0.07041666666666667
0.07083333333333333
0.07125000000000001
0.07208333333333333
0.0725
0.0725
0.07291666666666667
0.07375
0.07416666666666666
0.07458333333333332
0.07541666666666667
0.07583333333333334
0.07625
0.07666666666666667
0.07605130096725686
0.0757568877284882
0.07541666666666667
0.07625
0.07571989275074274
0.07469442578177642
0.07583333333333332
0.07528998462536912
0.07422218750811216
0.07458333333333332
0.07340520514602435
0.07333333333333332
0.07249100209193349
0.07166666666666667
0.07177981994376122
0.0698109447523125
0.06942950687545676
0.06811336595157316
0.0675
0.06791666666666668
0.06833333333333334
0.06958333333333336
0.07
0.07041666666666668
0.07041666666666668
0.07083333333333335
0.07083333333333336
0.07166666666666668
0.07208333333333335
0.07208333333333335
0.07208333333333335
0.07208333333333335
0.07291666666666669
0.07416666666666667
0.07416666666666667
0.07458333333333335
0.07500000000000001
0.07498101109514795
0.074645944041324
0.07427307887160747
0.07375
0.07416666666666667
0.07319116637621377
0.07299535737336312
0.07291666666666667
0.07283605124682395
0.07250000000000001
0.07274821632123482
0.07118825054182566
0.07166666666666668
0.07134475783448382
0.07041666666666668
0.06989091492859048
0.06900459000680056
0.06936141794991947
0.06801495211527049
0.06866977351228952
0.06791666666666665
0.06833333333333332
0.06875
0.06875
0.06875
0.06855199580230892
0.06821262387518758
0.06791666666666667
0.06833333333333333
0.06848150229534093
0.06833333333333333
0.06874999999999999
0.06895505516512836
0.06890824300251791
0.06875
0.06916666666666667
0.06916666666666667
0.06958333333333333
0.0702755828915476
0.06996030148041835
0.06919772340932531
0.06874999999999999
0.06875
0.06787277408072921
0.06714988908635885
0.06749999999999999
0.06733148429847607
0.06611745559818172
0.06583333333333333
0.06460104430007385
0.06469920847064091
0.06390787520756287
0.06237232223938022
0.06236531570561297
0.06125485822429501
0.060416666666666674
0.059419699626380634
0.058333333333333334
0.05791666666666667
0.05833333333333334
0.058750000000000004
0.058750000000000004
0.059166666666666666
0.05970365359912818
0.058469339148168
0.05875
0.05875
0.05791729821977269
0.05791666666666667
0.058333333333333334
0.059008909088928314
0.05875000000000001
0.05916666666666667
0.05916666666666667
0.060000000000000005
0.060000000000000005
0.06125
0.06193938459611962
0.06201159096919387
0.06208333333333333
0.06291666666666666
0.06286792523928927
0.062212624866315146
0.06291666666666666
0.06282807056993876
0.06208388631915438
0.0625
0.06291666666666666
0.06333333333333334
0.06333333333333334
0.06375
0.06393242690977483
0.06359055910913775
0.0629512233153956
0.06333333333333334
0.06347887305141095
0.06261994978510187
0.0625
0.0623504189405927
0.06134485916635978
0.06249999999999999
0.06291666666666666
0.06333333333333332
0.06333333333333332
0.06333333333333332
0.06351193419797665
0.06314141741774637
0.06291666666666666
0.06333333333333332
0.06333925033325769
0.06333333333333332
0.06416666666666666
0.06439595005637994
0.06416666666666666
0.06416666666666666
0.06377224242772186
0.06458333333333333
0.06516285283028134
0.065
0.06522099116399593
0.06541666666666666
0.065769090314187
0.06583333333333333
0.06624999999999999
0.06666666666666667
0.06666666666666667
0.06708333333333333
0.06749999999999999
0.06833333333333333
0.06819069669284165
0.06830745187639982
0.06791666666666667
0.06875
0.06884381633323142
0.06755945608554287
0.06789887012996834
0.06791666666666667
0.06800516451838791
0.06833333333333334
0.06916666666666667
0.06958333333333334
0.07
0.07041666666666666
0.07114534656512249
0.07095543025843304
0.07083333333333333
0.07125000000000001
0.07113032236367851
0.07166666666666667
0.07208333333333333
0.07208333333333333
0.07291666666666666
0.07291666666666666
0.07333333333333333
0.07333333333333333
0.07333333333333333
0.07333333333333333
0.07255662865049556
0.07132769911566458
0.07083333333333333
0.07166666666666667
0.07061646864344033
0.06959561452247487
0.07
0.06874036862694313
0.06754862834520005
0.0675
0.06791666666666668
0.06833333333333333
0.06875
0.06958333333333333
0.06936285782021984
0.06896589004482163
0.06875
0.06916666666666667
0.06946312920436253
0.06958333333333333
0.07083333333333335
0.07103642315162977
0.07166666666666667
0.07166666666666667
0.07250000000000001
0.07333333333333333
0.07416666666666667
0.07458333333333333
0.07522259275563419
0.07448525038625045
0.075
0.07541666666666667
0.07493242096701437
0.07340437889690822
0.07375
0.07333240182720296
0.07166666666666667
0.07208333333333335
0.07250000000000001
0.07291666666666667
0.07375
0.07373734164263192
0.07344926481653925
0.07327203921205082
0.07333333333333332
0.07374999999999998
0.07416666666666666
0.07458333333333333
0.075
0.07541666666666666
0.07541666666666666
0.07541666666666666
0.07625000000000001
0.07625000000000001
0.07625000000000001
0.07708333333333334
0.07780974214590276
0.07802575082960816
0.07833333333333334
0.07958333333333334
0.08
0.08041666666666666
0.08041666666666666
0.08083333333333333
0.08249999999999999
0.08249999999999999
0.08291666666666667
0.08291666666666667
0.08333333333333333
0.08333333333333333
0.08374999999999999
0.08416666666666667
0.08416666666666667
0.08416666666666667
0.08374999999999999
0.08374999999999999
0.08416666666666667
0.08541666666666667
0.08541666666666665
0.08750000000000001
0.0875
0.08750000000000001
0.08791666666666667
0.08791666666666667
0.08875000000000001
0.08833333333333335
0.08833333333333333
0.08875
0.09
0.09
0.08988593839276704
0.09052870103509171
0.09041666666666667
0.09166666666666666
0.0923851891281
0.09291666666666668
0.09291666666666668
0.09361666494908419
0.09333333333333334
0.09333333333333332
0.09375
0.09416666666666668
0.095
0.09541666666666666
0.0952035441741805
0.09525053218720635
0.095
0.09541666666666666
0.09583333333333334
0.09625
0.09625
0.09625
0.09666666666666666
0.09666666666666666
0.09708333333333333
0.09749999999999999
0.09791666666666667
0.09791666666666667
0.09833333333333333
0.09833333333333333
0.09833333333333334
0.09958333333333334
0.09958333333333334
0.09958333333333333
0.09958333333333333
0.10041666666666667
0.10124999999999999
0.10166666666666667
0.10166666666666667
0.10196476355064997
0.10208333333333333
0.10250000000000001
0.10250000000000001
0.10250000000000001
0.10250000000000001
0.10250000000000001
0.10250000000000001
0.10333333333333335
0.10375000000000001
0.10416666666666667
0.10458333333333333
0.10500000000000001
0.10546178176740192
0.10526803113632806
0.10541666666666667
0.10541666666666667
0.10708333333333334
0.10791666666666667
0.10875000000000001
0.10916666666666666
0.11083333333333334
0.11125000000000002
0.11166666666666669
0.11250000000000002
0.11291666666666668
0.11333333333333334
0.11351138080685788
0.11275351017001631
0.11208333333333334
0.11250000000000002
0.11151663809713781
0.11000000000000001
0.11041666666666669
0.1090628330097222
0.10791666666666667
0.10791666666666667
0.10791666666666667
0.10833333333333334
0.10833333333333334
0.10833333333333335
0.10818249077724387
0.10795384681289838
0.10833333333333334
0.10833333333333335
0.10875000000000001
0.10875000000000001
0.10916666666666668
0.11
0.11041666666666668
0.11041666666666668
0.11083333333333334
0.11083333333333334
0.11166666666666668
0.11166666666666668
0.11166666666666668
0.11166666666666668
0.11166666666666666
0.1125
0.11291666666666667
0.11333333333333333
0.11375
0.11375
0.11416666666666667
0.11458333333333334
0.11393817374878401
0.11321741835760703
0.11250000000000002
0.11333333333333334
0.11312754761024801
0.11173877019282014
0.11208333333333333
0.11100350328193764
0.11
0.1099999314488902
0.10930149242209099
0.10958333333333332
0.10869625930003836
0.1075
0.1071423987551915
0.10567999839178774
0.10625
0.10439370003141822
0.10416666666666666
0.10416666666666667
0.10458333333333333
0.105
0.105
0.10583333333333332
0.10544176016315444
0.10643492381274872
0.10625000000000001
0.10625000000000001
0.10653464383990882
0.10666666666666669
0.10666666666666669
0.10708333333333335
0.10791666666666667
0.10833333333333335
0.10833333333333335
0.10833333333333335
0.10833333333333335
0.10874278645451306
0.10799783360587181
0.10680206899412015
0.10666666666666669
0.10708333333333334
0.10689526307139872
0.10554735007617533
0.10536580080697225
0.10408115880447111
0.10321028762065014
0.10320865003814733
0.10234103208902984
0.10216545107037028
0.1013428910120349
0.10111802645814738
0.10106239806787025
0.10021920840852874
0.09938727739618043
0.09785989302349836
0.09684395641280101
0.09583333333333334
0.09625000000000002
0.09708333333333334
0.09708333333333334
0.09769210987873785
0.09791666666666668
0.09791666666666668
0.09791666666666668
0.09791666666666668
0.09791666666666668
0.09875000000000002
0.09875
0.09875
0.09958333333333334
0.09958333333333334
0.10041666666666667
0.10083333333333334
0.10083333333333334
0.10083333333333334
0.10058858848718699
0.10102266528294895
0.10166666666666667
0.10208333333333335
0.1023392437419743
0.10218812750272481
0.1025
0.10345260619246363
0.10313667839614582
0.10375000000000001
0.10375000000000001
0.10500000000000001
0.10500000000000001
0.10593617911545242
0.10566151783159593
0.1065380343810559
0.10625
0.10708333333333335
0.10791666666666667
0.10833333333333334
0.10875
0.10874999999999999
0.10916666666666666
0.11000000000000001
0.11041666666666669
0.11041666666666669
0.11083333333333334
0.11083333333333334
0.11125
0.11166666666666666
0.11208333333333333
0.11249999999999999
0.11333333333333331
0.11416666666666665
0.11416666666666665
0.11416666666666667
0.11458333333333331
0.11458333333333331
0.11499999999999999
0.11499999999999999
0.11583333333333333
0.11625
0.11625
0.11624999999999999
0.11666666666666665
0.11666666666666665
0.1175
0.11791666666666667
0.11791666666666667
0.11833333333333332
0.11916666666666667
0.11958333333333333
0.1197329127500755
0.11973322088353351
0.11958333333333332
0.11958333333333332
0.11931792100668515
0.11917767975499159
0.11916666666666666
0.11887408797900142
0.11875
0.11875
0.11875
0.11875
0.11875
0.11957360810015116
0.11893469275579258
0.11818518188899416
0.11791666666666667
0.11831600340811929
0.11733538142190952
0.11591628829473284
0.11624999999999999
0.11607911869080587
0.1146610174341797
0.11458333333333334
0.115
0.11625
0.11666666666666667
0.11666666666666667
0.11653130617013856
0.1154616448467092
0.115
0.115
0.11538538747706867
0.11459258499660095
0.11500000000000002
0.1154166666666667
0.11552831328368847
0.115
0.11583333333333336
0.11625
0.11708333333333334
0.11791666666666668
0.1171869526350688
0.1159922535642983
0.11583333333333334
0.11625
0.11666834069419334
0.11504886234258636
0.11583333333333333
0.11535828092467561
0.11378016501234657
0.11416666666666667
0.11458333333333334
0.11458333333333334
0.11458333333333334
0.11499999999999999
0.11492601485900525
0.11474917338227682
0.11458333333333333
0.11458333333333333
0.11458333333333333
0.11458333333333333
0.115
0.11541666666666668
0.11583333333333334
0.11708333333333332
0.11708333333333333
0.1175
0.11791666666666667
0.11916666666666667
0.11886159937087017
0.11913394135036309
0.11875000000000001
0.11958333333333333
0.1194262853076781
0.11916666666666667
0.11916666666666668
0.1191666666666667
0.11953850627902514
0.11916666666666667
0.11916666666666667
0.11958333333333333
0.12
0.12
0.11991646472440716
0.11976157570383311
0.12041666666666666
0.12041666666666667
0.12125
0.12166666666666667
0.12291666666666667
0.12291666666666667
0.12375
0.12375
0.12375
0.12375
0.12416666666666666
0.12416666666666666
0.125
0.125
0.12541666666666668
0.12583333333333335
0.12583333333333335
0.12625
0.12625
0.12625
0.12666666666666668
0.12666666666666668
0.1264410019361721
0.126019725330746
0.12666666666666668
0.12708333333333333
0.12766588517533134
0.1275
0.12833333333333335
0.1292879743912032
0.12916666666666668
0.12958333333333333
0.13083333333333333
0.13083333333333333
0.13125
0.1325
0.13187527968986668
0.13155836695353532
0.13166666666666665
0.13208333333333333
0.13118216952585998
0.12969348315696608
0.1295833333333333
0.1283654057375661
0.12708333333333333
0.12708333333333333
0.12708333333333333
0.1275
0.12791666666666665
0.12791666666666668
0.12770581924067717
0.12731766674751324
0.1275
0.1275
0.1272563882662058
0.12709108067833289
0.12708333333333333
0.12794024859088285
0.1275
0.12818570351262082
0.12763723011433875
0.1275
0.12695228442061596
0.12708333333333333
0.1272836086705328
0.12688452463348984
0.12694615583440236
0.12694640376999608
0.12666666666666668
0.12666666666666668
0.12666666666666668
0.12791666666666668
0.12791666666666668
0.12801443054034795
0.12916666666666668
0.12958333333333333
0.12958333333333333
0.12958333333333333
0.13
0.13041666666666665
0.13041666666666665
0.13041666666666665
0.13041666666666665
0.13041666666666665
0.13041666666666665
0.13083333333333333
0.13125
0.13125
0.1308083932336279
0.13043632083864212
0.13041666666666665
0.1317699143181491
0.13138046580483187
0.13250707474884502
0.13291666666666666
0.13333333333333333
0.13416666666666668
0.13416666666666668
0.13583333333333333
0.13625
0.1366666666666667
0.13708333333333336
0.13687103490702943
0.13651332120640294
0.13666666666666671
0.13666666666666671
0.13787927791717414
0.1375553842629627
0.13875
0.1391666666666667
0.1392064626560541
0.14
0.14041666666666672
0.14041666666666672
0.14041666666666672
0.14041666666666672
0.1404166666666667
0.1404166666666667
0.1404166666666667
0.1404166666666667
0.14083333333333334
0.14125000000000001
0.14208333333333334
0.14125
0.14166666666666666
0.14250000000000002
0.1425
0.14291666666666666
0.14291666666666666
0.14333333333333334
0.14375000000000002
0.14375000000000002
0.14375000000000002
0.14375000000000002
0.14375000000000002
0.14375000000000002
0.14375000000000002
0.14375000000000002
0.14500000000000002
0.14500000000000002
0.14541666666666667
0.14541666666666667
0.14541666666666667
0.14574557519153356
0.1454777457774034
0.14541666666666667
0.14625000000000002
0.14625000000000002
0.1466666666666667
0.1479166666666667
0.1479166666666667
0.14958333333333337
0.15000000000000002
0.1504166666666667
0.15083333333333335
0.15083333333333335
0.15083333333333335
0.15083333333333335
0.15013771918509267
0.1493746614571439
0.14875000000000002
0.14875000000000002
0.1484028298940485
0.1475886852337325
0.14791666666666667
0.14756847057765407
0.1466666666666667
0.14708333333333334
0.14708333333333334
0.14708333333333334
0.1475
0.14750000000000002
0.14733659702238058
0.14698896171911557
0.1466666666666667
0.1466666666666667
0.14750000000000002
0.14750000000000002
0.14750000000000002
0.14750000000000002
0.14791666666666667
0.14791666666666667
0.14791666666666667
0.14833333333333334
0.14875000000000002
0.15
0.15041666666666667
0.15041666666666667
0.15041666666666667
0.15041666666666667
0.15041666666666667
0.1504166666666667
0.1504166666666667
0.15083333333333335
0.15125000000000002
0.15166666666666667
0.1525
0.15291666666666667
0.15291666666666667
0.15291666666666667
0.15315021229763057
0.15279475095644715
0.15251997591559968
0.15375
0.15416666666666667
0.1540062546355313
0.15375
0.15416666666666665
0.1534255927662913
0.15375
0.15416666666666667
0.15458333333333335
0.15458333333333335
0.155
0.1547812293802611
0.15479932261806972
0.15458333333333335
0.15458333333333335
0.1561365379952287
0.15583333333333332
0.15624999999999997
0.15708333333333335
0.1575
0.1575
0.15791666666666668
0.15791666666666668
0.15791666666666668
0.15791666666666668
0.15812043054413286
0.15773520339132677
0.15791666666666668
0.15791666666666668
0.15833333333333335
0.15891176025362355
0.15958333333333333
0.16041666666666668
0.16048250553027546
0.16
0.16041666666666668
0.16041666666666668
0.16041666666666668
0.16041666666666668
0.16083333333333336
0.16125
0.16125
0.16166666666666665
0.16166666666666665
0.16208333333333333
0.1625
0.16291666666666665
0.16291666666666668
0.16333333333333333
0.1632738386977901
0.163550260142853
0.16336389302224952
0.16374999999999998
0.16416666666666666
0.16346084371796937
0.16375
0.16458333333333336
0.16458333333333336
0.16458333333333336
0.16458333333333336
0.165
0.16583333333333333
0.16583333333333333
0.16558519953709355
0.16483729937010824
0.16416666666666668
0.16458333333333336
0.1636977264208161
0.1625
0.1625
0.16173144973696146
0.16041666666666665
0.16041666666666665
0.16041666666666665
0.16125
0.16125
0.16125
0.16166666666666668
0.16208333333333333
0.16208333333333333
0.1625
0.1625
0.16291666666666668
0.16291666666666668
0.16291666666666668
0.16333333333333333
0.16333333333333333
0.16333333333333333
0.16374999999999998
0.165
0.165
0.16541666666666668
0.16624999999999998
0.16666666666666666
0.16666666666666666
0.16833333333333333
0.16833333333333333
0.16875
0.16958333333333334
0.17
0.17124999999999999
0.17124999999999999
0.17124999999999999
0.17124999999999999
0.17208333333333334
0.17180977959013283
0.1706650398844759
0.17125
0.17125
0.17079797344037206
0.1705420000279555
0.17041666666666666
0.1696878938159263
0.16806476889751976
0.16916666666666663
0.16916666666666663
0.16958333333333334
0.16999999999999998
0.17125
0.17158302313556809
0.17141689936450044
0.1716666666666667
0.1716666666666667
0.17250000000000001
0.1729166666666667
0.1729166666666667
0.1729166666666667
0.17291666666666666
0.17291666666666666
0.17333333333333334
0.17416666666666666
0.17500000000000002
0.17458333333333337
0.17500000000000004
0.1758333333333333
0.17625
0.17625
0.17625
0.17666666666666667
0.17666666666666667
0.17666666666666667
0.17708333333333334
0.17708333333333334
0.17725122154565978
0.17607038743153994
0.17625000000000002
0.17620828138269118
0.1766544490761769
0.1751105040949703
0.17492627313300635
0.1746587586349911
0.17308616669550408
0.17333333333333334
0.17333333333333334
0.17375000000000002
0.17375000000000002
0.1741666666666667
0.17458333333333334
0.175
0.17541666666666667
0.17583333333333334
0.17583333333333334
0.17666666666666667
0.17666666666666667
0.1775
0.17791666666666664
0.17791666666666667
0.17875
0.17916666666666667
0.17916666666666667
0.17916666666666667
0.17896531655831785
0.17901457928923675
0.17916666666666667
0.17916666666666667
0.17916666666666667
0.17958333333333334
0.18041666666666667
0.18041666666666667
0.18083333333333335
0.18083333333333335
0.18125
0.18125000000000002
0.1825
0.1825
0.18375000000000002
0.18375000000000002
0.18375000000000002
0.18375000000000002
0.18458333333333335
0.18541666666666667
0.18541666666666667
0.18625
0.18625000000000003
0.18625000000000003
0.18708333333333335
0.1875
0.1875
0.187275576051377
0.1875
0.1875
0.1875
0.1875
0.1875
0.18791666666666668
0.188232605756529
0.18803344954666373
0.18833333333333332
0.18833333333333332
0.1882113042110769
0.18833333333333335
0.18875
0.18899003323107494
0.18875
0.18916666666666668
0.18916666666666668
0.18916666666666668
0.18958333333333333
0.19041666666666668
0.19120476759724866
0.19145600780671154
0.19166666666666668
0.19166666666666668
0.19166666666666665
0.1918084124006148
0.19166666666666665
0.19166666666666665
0.19166666666666665
0.19208333333333333
0.19208333333333333
0.19208333333333333
0.1925
0.1925
0.1925
0.1925
0.19333333333333336
0.19333333333333336
0.1933333333333333
0.19333333333333336
0.19333333333333336
0.19375000000000003
0.19375000000000003
0.19375000000000003
0.19357020678277143
0.19246657565642628
0.1925040527323481
0.19332120121801322
0.19284370947495122
0.19122727165677478
0.19083333333333335
0.19057701436208135
0.1901111861461528
0.19044693485709638
0.19083333333333333
0.19083333333333333
0.19083333333333333
0.19083333333333333
0.19083333333333333
0.19083333333333333
0.19125
0.19125
0.19125
0.19125
0.19125
0.19166666666666665
0.19166666666666665
0.19166666666666665
0.19166666666666665
0.19166666666666665
0.19208333333333333
0.19249999999999998
0.19177405993953767
0.1920142487610923
0.19166666666666668
0.19166666666666668
0.1924890939212591
0.19216926479766028
0.19250000000000006
0.19208333333333338
0.19250000000000006
0.1929166666666667
0.19291666666666668
0.19291666666666668
0.19333333333333336
0.19333333333333336
0.19333333333333336
0.19375
0.19375
0.19375000000000003
0.19375000000000003
0.19416666666666668
0.19416666666666668
0.19416666666666668
0.19416666666666668
0.19416666666666668
0.19458333333333336
0.195
0.19541666666666666
0.19541666666666666
0.19541666666666666
0.19541666666666666
0.19624999999999998
0.19624999999999998
0.19666666666666666
0.1970833333333333
0.1970833333333333
0.19749999999999998
0.19749999999999998
0.19749999999999998
0.19851196361953505
0.19810289228701225
0.1983333333333333
0.19916666666666663
0.1990833656005334
0.1991666666666667
0.1995833333333333
0.20060143386241489
0.20041666666666666
0.20125
0.20125
0.20125
0.20125
0.20208333333333336
0.2025
0.20291666666666666
0.20291666666666666
0.20375000000000001
0.20375000000000001
0.2045833333333333
0.205
0.205
0.205
0.205
0.205
0.205
0.205
0.20541666666666666
0.20527178111411917
0.20545903986722985
0.2066666666666667
0.2066666666666667
0.20677879183832762
0.20750000000000002
0.20750000000000002
0.20714145833941242
0.20708333333333337
0.20708333333333337
0.20750000000000005
0.2079166666666667
0.20833333333333334
0.20875000000000002
0.2091666666666667
0.2091666666666667
0.2091666666666667
0.2091666666666667
0.2091666666666667
0.21000000000000005
0.21000000000000002
0.21041666666666667
0.2104166666666667
0.2104166666666667
0.2104166666666667
0.21083333333333334
0.21083333333333334
0.21083333333333334
0.21083333333333334
0.21125000000000002
0.21125000000000002
0.21125000000000002
0.21125000000000002
0.21125000000000002
0.21125000000000002
0.2116666666666667
0.21208333333333337
0.21250000000000002
0.21291666666666667
0.21291666666666667
0.21291666666666667
0.21333333333333335
0.21333333333333335
0.21333333333333335
0.21333333333333335
0.21375000000000002
0.21416666666666667
0.21458333333333335
0.21510641927521937
0.21393491714575355
0.21375000000000002
0.21375000000000002
0.21259089642773815
0.21171960995959824
0.21205074782215014
0.21110174019987712
0.21000000000000005
0.21000000000000002
0.21000000000000002
0.21000000000000002
0.21000000000000002
0.21083333333333334
0.2105759537055545
0.21005628557673772
0.21
0.21
0.2099552877570018
0.20962922256298264
0.21000000000000002
0.21000000000000002
0.21083333333333334
0.2105053709525811
0.21083333333333337
0.21125
0.21208333333333335
0.21208333333333335
0.21291666666666667
0.21375
0.21375
0.21416666666666667
0.21458333333333332
0.21458333333333335
0.21458333333333335
0.21500000000000002
0.21583333333333335
0.21583333333333335
0.21583333333333335
0.21666666666666667
0.21666666666666667
0.21666666666666667
0.21666666666666667
0.21666666666666667
0.21666666666666667
0.21666666666666667
0.21708333333333335
0.2179166666666667
0.21833333333333338
0.21833333333333338
0.21833333333333332
0.21916666666666668
0.21916666666666668
0.21916666666666668
0.21916666666666668
0.21958333333333335
0.22000000000000003
0.22000000000000003
0.22041666666666668
0.22041666666666668
0.22041666666666668
0.22041666666666668
0.22083333333333335
0.22083333333333335
0.22083333333333335
0.22083333333333335
0.22125
0.22125
0.22166666666666665
0.22166666666666665
0.22208333333333333
0.22207197770426126
0.2220833333333333
0.2220833333333333
0.2220833333333333
0.2220833333333333
0.22249999999999998
0.22249999999999998
0.22291666666666665
0.22374999999999998
0.22374999999999998
0.22374999999999998
0.22374999999999998
0.22416666666666665
0.22499999999999998
0.22541666666666665
0.22541666666666665
0.22541666666666665
0.22625
0.22666666666666668
0.22684698114600976
0.22646247609995357
0.22708333333333333
0.22708333333333333
0.2268523124214804
0.22750000000000004
0.2279166666666667
0.22773895222928614
0.22708333333333336
0.22708333333333336
0.22708333333333336
0.22708333333333336
0.2275
0.2275
0.2275
0.22791666666666668
0.22833333333333336
0.22875000000000004
0.22875000000000004
0.22875
0.22875
0.22916666666666666
0.22916666666666666
0.22916666666666666
0.22916666666666666
0.22958333333333333
0.23
0.22999999999999998
0.22969291718463825
0.22894469459852151
0.22833333333333333
0.22833333333333333
0.2272270145298791
0.22583333333333336
0.22666666666666668
0.22528549586380753
0.22416666666666668
0.22416666666666668
0.22458333333333336
0.22500000000000003
0.2254166666666667
0.2254166666666667
0.22519740797082333
0.2247968198779538
0.225
0.22541666666666665
0.22555194099203735
0.2258333333333333
0.2258333333333333
0.2258333333333333
0.2258333333333333
0.22624999999999998
0.22624999999999998
0.22666666666666666
0.22666666666666666
0.2275
0.2267314833392626
0.22550905686260223
0.225
0.225
0.22375586881456974
0.2225
0.22291666666666668
0.22130645927687925
0.22041666666666665
0.22041666666666665
0.22041666666666665
0.22083333333333335
0.22083333333333335
0.22125
0.22110083191552138
0.22089148176030118
0.22083333333333335
0.22083333333333335
0.22125000000000003
0.22125000000000003
0.22125000000000003
0.22166666666666668
0.22166666666666668
0.22208333333333335
0.22208333333333335
0.2225
0.2225
0.22291666666666668
0.2221456395416729
0.22096846592145208
0.22041666666666668
0.22041666666666668
0.21995350241960204
0.21842350349439207
0.21833333333333335
0.2173220673588124
0.21625
0.21625
0.21666666666666665
0.21666666666666665
0.21666666666666665
0.21666666666666665
0.21666666666666667
0.21708333333333335
0.21708333333333332
0.21708333333333332
0.21708333333333332
0.2175
0.21874999999999997
0.21874999999999997
0.21875
0.21875
0.21875
0.21916666666666665
0.21999999999999997
0.22
0.21950795786754632
0.21940120063833288
0.21916666666666668
0.21916666666666668
0.21906028384928963
0.2183864880217883
0.21833333333333335
0.21875
0.21875
0.21874999999999997
0.21875
0.21916666666666668
0.21874999999999997
0.21874999999999997
0.21958333333333332
0.22
0.22
0.22041666666666668
0.22124999999999997
0.22124999999999997
0.22124999999999997
0.22166666666666665
0.22166666666666665
0.22166666666666665
0.22143457654426144
0.2210386738426273
0.22083333333333333
0.22124999999999997
0.22124083016984408
0.22092043748176457
0.22124999999999997
0.22124999999999997
0.2209244725793281
0.22083333333333333
0.22114420259562304
0.22083333333333333
0.22083333333333333
0.22125
0.22166666666666668
0.22166666666666668
0.22166666666666668
0.22166666666666668
0.22166666666666668
0.22166666666666665
0.22166666666666665
0.22166666666666665
0.22166666666666665
0.22166666666666665
0.22208333333333333
0.22208333333333333
0.2225
0.22291666666666668
0.22291666666666668
0.22291666666666668
0.22333333333333333
0.22333333333333333
0.22333333333333333
0.22375
0.2230480931811145
0.22224881034508034
0.22166666666666665
0.22204787881430396
0.22132245040954038
0.22002257682923895
0.22
0.21968619884279847
0.21816204799472358
0.21791666666666665
0.21833333333333335
0.21875000000000003
0.21875
0.21875
0.21905473528884986
0.2188708212672319
0.21916666666666668
0.21958333333333335
0.22000000000000003
0.2204166666666667
0.22083333333333335
0.22166666666666668
0.22166666666666668
0.2216666666666667
0.2216666666666667
0.22208333333333335
0.22208333333333335
0.22250000000000003
0.22250000000000003
0.22250000000000003
0.22250000000000003
0.22250000000000003
0.22250000000000003
0.22291666666666668
0.22291666666666668
0.22291666666666668
0.22291666666666668
0.22333333333333333
0.22374999999999998
0.22416666666666665
0.22416666666666665
0.225
0.22541666666666668
0.22583333333333336
0.22625
0.22625
0.22625
0.22666666666666668
0.22666666666666668
0.22666666666666668
0.22666666666666668
0.22666666666666666
0.22595053086319863
0.2247382924780166
0.22458333333333336
0.2245822681445579
0.22397781612602666
0.22354970265489355
0.2233646640466465
0.22242537435576862
0.22125000000000003
0.22124999999999997
0.22124999999999997
0.22124999999999997
0.22125
0.22166666666666668
0.22166666666666668
0.22166666666666668
0.22166666666666668
0.22208333333333335
0.22208333333333335
0.22208333333333335
0.2224714556380715
0.22250000000000003
0.22250000000000003
0.2229166666666667
0.2229166666666667
0.22375000000000006
0.22375000000000006
0.2241666666666667
0.22445876253417602
0.2242501044589696
0.22458333333333333
0.22499999999999998
0.22541666666666665
0.22541666666666665
0.22583333333333333
0.22541666666666665
0.22583333333333333
0.22583333333333333
0.22624999999999998
0.22624999999999998
0.22624999999999998
0.22666666666666666
0.2264596055762626
0.2260716814822395
0.22583333333333333
0.22583333333333333
0.22625
0.22625
0.22625
0.22625
0.22708333333333333
0.22708333333333333
0.2275
0.2275
0.2275
0.2275
0.2275
0.2275
0.22791666666666663
0.2283333333333333
0.22916666666666666
0.22916666666666666
0.22958333333333333
0.2304166666666667
0.2304166666666667
0.23125000000000004
0.23166666666666666
