0.0
0.0
0.0
0.0
0.0
0.0
0.0
0.0
0.0
0.0
0.0
0.0
0.0
0.0
0.0
0.0
0.0
0.0
0.0
0.0
0.0
0.0
0.0
0.0
0.0
0.0
0.0
0.0
0.0
0.0
0.0
0.0
0.0
0.0
0.0
0.0004166666666666667
0.0004166666666666667
0.0004166666666666667
0.0004166666666666667
0.0004166666666666667
0.0004166666666666667
0.0004166666666666667
0.0008333333333333334
0.0008333333333333334
0.0008333333333333334
0.0008333333333333334
0.00125
0.00125
0.00125
0.00125
0.00125
0.00125
0.00125
0.00125
0.00125
0.00125
0.00125
0.00125
0.00125
0.00125
0.00125
0.00125
0.00125
0.00125
0.00125
0.00125
0.00125
0.0016666666666666668
0.0016666666666666668
0.0016666666666666668
0.0016666666666666668
0.0016666666666666668
0.0016666666666666668
0.0016666666666666668
0.0016666666666666668
0.0016666666666666668
0.0016666666666666668
0.0016666666666666668
0.0016666666666666668
0.0016666666666666668
0.0016666666666666668
0.0016666666666666668
0.0020833333333333333
0.0020833333333333333
0.0020833333333333333
0.0020833333333333333
0.0020833333333333333
0.0020833333333333333
0.0020833333333333333
0.0016666666666666668
0.0016666666666666668
0.0016666666666666668
0.0016666666666666668
0.0016666666666666668
0.0020833333333333333
0.0020833333333333333
0.0020833333333333333
0.0020833333333333333
0.0020833333333333333
0.0020833333333333333
0.0020833333333333333
0.001317138990043759
0.00125
0.00125
0.00125
0.00125
0.00125
0.00125
0.00125
0.00125
0.0016666666666666668
0.0016666666666666668
0.0020833333333333333
0.0020833333333333333
0.0020833333333333333
0.0020833333333333333
0.0020833333333333333
0.0020833333333333333
0.0020833333333333333
0.0020833333333333333
0.0020833333333333333
0.0020833333333333333
0.0020833333333333333
0.002916666666666667
0.002916666666666667
0.003333333333333333
0.003333333333333333
0.003333333333333333
0.003333333333333333
0.0036170122908618985
0.003401253033017715
0.00375
0.00375
0.00375
0.00375
0.00375
0.00375
0.0033333333333333335
0.0033333333333333335
0.0033333333333333335
0.0033333333333333335
0.0033333333333333335
0.00375
0.00375
0.00375
0.00375
0.00375
0.00375
0.00375
0.00375
0.00375
0.00375
0.00375
0.00375
0.00375
0.00375
0.00375
0.00375
0.00375
0.00375
0.004166666666666667
0.004166666666666667
0.004166666666666667
0.004166666666666667
0.004166666666666667
0.004166666666666667
0.004166666666666667
0.004166666666666667
0.004166666666666667
0.004166666666666667
0.004166666666666667
0.004166666666666667
0.004583333333333333
0.004583333333333333
0.005416666666666667
0.005416666666666667
0.005416666666666667
0.005416666666666667
0.005416666666666667
0.005416666666666667
0.005416666666666667
0.0054576663083789
0.004772602637477898
0.004166666666666667
0.004166666666666667
0.0038428224776064996
0.002916666666666667
0.002916666666666667
0.0025
0.0025
0.0025
0.0025
0.002916666666666667
0.0033333333333333335
0.0033333333333333335
0.0037500000000000003
0.0037500000000000003
0.0037500000000000003
0.004166666666666667
0.004583333333333333
0.004583333333333333
0.004583333333333333
0.004583333333333333
0.004583333333333333
0.004583333333333333
0.004583333333333333
0.004583333333333333
0.004583333333333333
0.005416666666666667
0.005326414008014808
0.005574245006118797
0.005416666666666667
0.005416666666666667
0.005416666666666667
0.005416666666666667
0.005416666666666667
0.005416666666666667
0.005416666666666667
0.005416666666666667
0.005416666666666667
0.005416666666666667
0.005833333333333334
0.005833333333333334
0.005833333333333334
0.005833333333333334
0.005833333333333334
0.00625
0.006666666666666666
0.006666666666666666
0.006666666666666666
0.007083333333333334
0.0075
0.007500000000000001
0.007500000000000001
0.007500000000000001
0.007916666666666667
0.008333333333333333
0.008333333333333333
0.008333333333333333
0.008333333333333333
0.00801435525914486
0.007500000000000001
0.007500000000000001
0.007916666666666667
0.007916666666666667
0.007916666666666667
0.008333333333333333
0.008333333333333333
0.00875
0.00875
0.009166666666666667
0.009583333333333333
0.009583333333333333
0.01
0.010416666666666668
0.010416666666666668
0.010416666666666668
0.01125
0.01125
0.01125
0.011666666666666667
0.011666666666666667
0.012083333333333335
0.012083333333333335
0.0125
0.0125
0.0125
0.0125
0.0125
0.0125
0.0125
0.0125
0.0125
0.0125
0.0125
0.011526903067338083
0.010608628170454002
0.01
0.01
0.00919453300374072
0.008333333333333333
0.008333333333333333
0.008862736732087541
0.008333333333333333
0.009166666666666667
0.01
0.01
0.01
0.010416666666666668
0.010416666666666668
0.010833333333333334
0.010833333333333334
0.010833333333333334
0.010833333333333334
0.01125
0.01125
0.01125
0.01125
0.01125
0.010833333333333334
0.010833333333333334
0.01125
0.01125
0.01125
0.01125
0.011666666666666667
0.011666666666666667
0.011666666666666667
0.011666666666666667
0.012083333333333335
0.0125
0.0125
0.0125
0.012381413373417246
0.012589948229957553
0.012916666666666667
0.013750000000000002
0.013592106844181833
0.013750000000000002
0.013750000000000002
0.013512440020120987
0.013333333333333334
0.013333333333333332
0.013333333333333332
0.013750000000000002
0.013750000000000002
0.013750000000000002
0.013750000000000002
0.013750000000000002
0.014583333333333334
0.015
0.015416666666666667
0.015400298224946908
0.015
0.015
0.015
0.015416666666666665
0.014853059642074583
0.01378015614421696
0.01294349931483356
0.012916666666666667
0.012825223964574736
0.011846195832506538
0.011666666666666667
0.011249279473703525
0.010860313621892222
0.010833333333333334
0.010833333333333334
0.01125
0.01125
0.011666666666666667
0.011666666666666667
0.011666666666666667
0.011666666666666667
0.011666666666666667
0.012083333333333335
0.012083333333333335
0.0125
0.0125
0.0125
0.012916666666666667
0.012916666666666667
0.013333333333333334
0.013333333333333334
0.01375
0.012939936281289458
0.012233298734289803
0.011666666666666667
0.012043622400831757
0.012102481101519676
0.011666666666666667
0.011666666666666667
0.011323727875839533
0.01125
0.01125
0.012196456143319673
0.012499999999999999
0.012916666666666667
0.013333333333333332
0.013333333333333332
0.013333333333333332
0.013333333333333332
0.01375
0.014166666666666666
0.014583333333333334
0.015
0.015
0.015
0.015416666666666667
0.01531911295778275
0.015128262885971945
0.015416666666666667
0.015416666666666667
0.015416666666666667
0.015833333333333335
0.015833333333333335
0.015833333333333335
0.015833333333333335
0.015833333333333335
0.015833333333333335
0.015833333333333335
0.015833333333333335
0.01625
0.015946038305336658
0.015394314112562969
0.015416666666666669
0.015833333333333335
0.015647713855417293
0.015416666666666665
0.015416666666666665
0.015416666666666665
0.015416666666666667
0.016666666666666666
0.016666666666666666
0.016666666666666666
0.016666666666666666
0.016666666666666666
0.016435002164857604
0.016024036530920056
0.015833333333333335
0.015833333333333335
0.015611440409198736
0.015836321984776525
0.015833333333333335
0.01607728614837194
0.015833333333333335
0.015833333333333335
0.015833333333333335
0.01583333333333333
0.015833333333333335
0.01625
0.01625
0.01625
0.01625
0.01625
0.01666666666666667
0.017083333333333332
0.017083333333333332
0.017083333333333332
0.017083333333333332
0.017916666666666664
0.018333333333333333
0.018750000000000003
0.01916666666666667
0.019583333333333335
0.02
0.02
0.020416666666666666
0.021249999999999998
0.02208333333333333
0.02208333333333333
0.02208333333333333
0.0225
0.0225
0.0225
0.022440742669711425
0.022272144746750273
0.02208333333333333
0.022916666666666665
0.02333333333333333
0.02333333333333333
0.024166666666666663
0.024166666666666663
0.024583333333333332
0.024999999999999998
0.024999999999999998
0.024999999999999998
0.025416666666666664
0.025833333333333333
0.02625
0.02625
0.027083333333333334
0.02708333333333333
0.0275
0.0275
0.027916666666666666
0.027916666666666666
0.027916666666666666
0.028749999999999998
0.02858259548725391
0.027894941586125696
0.0275
0.027916666666666666
0.02763300856746064
0.025921582336707896
0.02625
0.025684215698417487
0.023830371320208495
0.024166666666666666
0.024583333333333332
0.024583333333333332
0.024583333333333332
0.024583333333333332
0.024321422853022294
0.024334358053495587
0.024166666666666666
0.024166666666666666
0.024082165141482592
0.023855389853592347
0.02375
0.02414089060153076
0.02375
0.02375
0.02375
0.024583333333333336
0.025
0.025
0.025
0.025416666666666667
0.025833333333333333
0.025833333333333333
0.025833333333333333
0.025833333333333333
0.02625
0.026666666666666665
0.026666666666666665
0.026666666666666665
0.026666666666666665
0.027083333333333327
0.027083333333333327
0.02708333333333333
0.0275
0.027916666666666666
0.028749999999999998
0.029166666666666667
0.029166666666666667
0.029166666666666667
0.029166666666666667
0.029166666666666667
0.029166666666666667
0.029166666666666667
0.02990078792449225
0.03010694259173103
0.030416666666666668
0.030833333333333334
0.030833333333333334
0.030833333333333334
0.030833333333333334
0.03125
0.03166666666666667
0.03166666666666667
0.03166666666666667
0.03166666666666667
0.03208333333333334
0.03208333333333334
0.03208333333333333
0.03208333333333333
0.03208333333333333
0.03208333333333334
0.03208333333333334
0.03208333333333334
0.0325
0.032916666666666664
0.032916666666666664
0.032916666666666664
0.032916666666666664
0.03333333333333333
0.03333333333333333
0.03333333333333333
0.03333333333333333
0.03333333333333333
0.03375
0.034166666666666665
0.034166666666666665
0.034166666666666665
0.034583333333333334
0.035
0.035
0.035
0.035
0.035
0.035
0.035416666666666666
0.03583333333333333
0.036250000000000004
0.03666666666666667
0.0375
0.03791666666666667
0.03833333333333333
0.03850535941331834
0.03897016260403589
0.03875
0.03875
0.039460180747151234
0.03958333333333333
0.04125
0.04125000000000001
0.04125000000000001
0.042083333333333334
0.042083333333333334
0.04291666666666667
0.043333333333333335
0.04416666666666667
0.04352279336211339
0.043246115012513756
0.042916666666666665
0.04375
0.04296919627639669
0.041695206808250077
0.042083333333333334
0.04183978330104156
0.04041666666666667
0.04083333333333333
0.04083333333333333
0.04125
0.04166666666666667
0.042499999999999996
0.04353113629815966
0.043194157661768665
0.043333333333333335
0.043333333333333335
0.043533244804329525
0.04291666666666667
0.043333333333333335
0.04407010983557559
0.043333333333333335
0.044166666666666674
0.044583333333333336
0.044583333333333336
0.045
0.045
0.04566800985785843
0.046157018306316036
0.046250000000000006
0.04625
0.04625
0.04666666666666667
0.04666666666666667
0.04666666666666667
0.04666666666666667
0.046666666666666676
0.04791666666666666
0.04875
0.04958333333333333
0.05
0.05
0.051666666666666666
0.05208333333333333
0.05291666666666667
0.05375
0.055
0.05499999999999999
0.055
0.055
0.05583333333333333
0.05625
0.05625
0.056249999999999994
0.056249999999999994
0.05625
0.05666666666666667
0.056666666666666664
0.056666666666666664
0.056666666666666664
0.05708333333333333
0.05684073261059613
0.05646343677906733
0.05625000000000001
0.05666666666666667
0.056391339271163105
0.05585870325461664
0.05583333333333333
0.05591582999508939
0.05583333333333333
0.05583333333333333
0.05546881390608402
0.05583333333333333
0.05560362316775962
0.05583333333333333
0.05658110458658697
0.05666666666666667
0.0575
0.05708333333333333
0.05708333333333333
0.05708333333333333
0.05791666666666666
0.05875
0.06
0.06041666666666666
0.06041666666666666
0.06125
0.061666666666666675
0.06208333333333334
0.0625
0.0625
0.0625
0.0625
0.06333333333333332
0.06333333333333332
0.06333333333333332
0.06333333333333332
0.06375
0.06333333333333334
0.06333333333333332
0.06375
0.06416666666666668
0.06416666666666668
0.06458333333333333
0.065
0.065
0.06583333333333333
0.06625
0.06708333333333333
0.0675
0.06791666666666667
0.06791666666666667
0.06791666666666667
0.06791666666666667
0.06833333333333333
0.06833333333333333
0.06916666666666668
0.06916666666666667
0.06958333333333333
0.06958333333333333
0.06958333333333333
0.07
0.07
0.07041666666666667
0.07083333333333333
0.07117760852971963
0.07225957931574546
0.07250000000000001
0.07333333333333333
0.07333333333333333
0.07375000000000001
0.07375000000000001
0.07375000000000001
0.07416666666666667
0.07458333333333333
0.075
0.07541666666666666
0.07583333333333334
0.07666666666666666
0.07603225373884837
0.07575249574184184
0.075
0.07541666666666666
0.07524244293562946
0.07388345898944998
0.07375
0.0729243761955897
0.07172974965306592
0.07166666666666666
0.07208333333333333
0.07208333333333333
0.07208333333333333
0.07208333333333333
0.07194364570536325
0.07173049580943289
0.07250000000000001
0.07291666666666666
0.07333333333333333
0.07375000000000001
0.07416666666666667
0.07500000000000001
0.07500000000000001
0.075
0.07583333333333334
0.07666666666666666
0.07708333333333334
0.0775
0.07728296934426733
0.07613392904441155
0.07541666666666666
0.07583333333333334
0.07498938925897708
0.07380189079554964
0.07416666666666666
0.07419167079320477
0.07306283933244823
0.07291666666666666
0.07333333333333333
0.07375
0.07375
0.07409158589076045
0.07458333333333333
0.07458333333333333
0.075
0.075
0.075
0.07541666666666666
0.07541666666666666
0.07583333333333334
0.07583333333333334
0.07666666666666666
0.07708333333333334
0.07708333333333334
0.07708333333333334
0.07708333333333334
0.07791666666666666
0.07833333333333332
0.07874999999999999
0.07874999999999999
0.07958333333333334
0.07958333333333334
0.07999999999999999
0.07999999999999999
0.08041666666666666
0.08083333333333334
0.0801364189096783
0.07899592331112443
0.07916666666666666
0.07916666666666666
0.07830851878116493
0.07675057589659745
0.07749999999999999
0.07698590796640227
0.07545192667556727
0.07541666666666666
0.07530733637957977
0.07583333333333334
0.07583333333333334
0.07583333333333334
0.07583333333333334
0.07624330978807434
0.07666666666666666
0.07791666666666666
0.07833333333333334
0.07916666666666666
0.08
0.08041666666666666
0.08041666666666666
0.08041666666666666
0.08083333333333334
0.08083333333333334
0.08083333333333334
0.08125
0.08125
0.08166666666666667
0.08125
0.08166666666666667
0.08166666666666667
0.08166666666666667
0.08166666666666667
0.0825
0.08291666666666667
0.08374999999999999
0.08375
0.08375
0.08375
0.08375
0.08416666666666667
0.085
0.08583333333333334
0.08625000000000001
0.08708333333333333
0.08708333333333333
0.08708333333333335
0.08791666666666667
0.08875
0.08875000000000001
0.08958333333333333
0.08958333333333335
0.08941044968628806
0.08827967940832368
0.08791666666666667
0.08791666666666667
0.08767121792966874
0.08605692439772714
0.08625
0.08605116493156814
0.0843079802421837
0.08458333333333334
0.08458333333333334
0.08458333333333334
0.08458333333333334
0.085
0.08486890050971195
0.08550810643637256
0.08541666666666667
0.08583333333333334
0.08625
0.08625
0.08708333333333335
0.08791666666666667
0.08833333333333333
0.08833333333333333
0.08875
0.08875
0.08875
0.08939229835183318
0.08909986108556586
0.08937141539345186
0.08958781007000713
0.08958333333333332
0.08916666666666667
0.08916666666666667
0.09
0.09
0.09041666666666667
0.09125
0.09166666666666667
0.09208333333333335
0.09208333333333335
0.09208333333333335
0.09141671840057619
0.09063156009085446
0.09083333333333334
0.09083333333333334
0.0900267422028988
0.08966154572309536
0.09
0.08938286414657065
0.08791666666666667
0.08875
0.08875
0.08916666666666666
0.09
0.09
0.09029294645838562
0.09008703077177911
0.09
0.09041666666666667
0.09083333333333335
0.09166666666666667
0.09208333333333332
0.09208333333333332
0.09291666666666668
0.09333333333333332
0.09375
0.09375
0.09375
0.09416666666666666
0.09458333333333332
0.095
0.09541666666666666
0.09625
0.09666666666666668
0.09708333333333333
0.09708333333333333
0.09708333333333333
0.09708333333333333
0.09708333333333333
0.09708333333333333
0.09791666666666668
0.09791666666666668
0.09791666666666668
0.09814241615853017
0.09899552591313274
0.09916666666666667
0.09958333333333333
0.09958333333333333
0.09958333333333333
0.1
0.10041666666666667
0.10083333333333333
0.10166666666666668
0.10208333333333333
0.10250000000000001
0.10250000000000001
0.10250000000000001
0.10291666666666666
0.10333333333333333
0.10416666666666666
0.10458333333333333
0.105
0.10493221113383991
0.105
0.10541666666666666
0.10541666666666666
0.10625000000000001
0.10625000000000001
0.10666666666666667
0.10708333333333334
0.10750000000000001
0.1075
0.10791666666666666
0.10791666666666666
0.10791666666666666
0.10791666666666666
0.10833333333333334
0.10767203258554545
0.10653201239460358
0.10666666666666666
0.10666666666666666
0.10690430874642011
0.10588110461615118
0.10662492737469913
0.10612561246372423
0.10518913466091295
0.10468428087158593
0.10367391994737742
0.10291666666666666
0.10284771557943759
0.10144484250566571
0.1010273631351068
0.10045845591592141
0.09989451929773707
0.09855889515475821
0.09791666666666667
0.09708333333333333
0.09708333333333333
0.0975
0.0975
0.09791666666666667
0.09819542929862743
0.09798187458116292
0.09833333333333333
0.09916666666666667
0.09916666666666667
0.1
0.10041666666666667
0.10166666666666667
0.10166666666666667
0.10208333333333333
0.10208333333333333
0.10208333333333333
0.10291666666666666
0.10291666666666666
0.10271280856452794
0.10275915744053732
0.10333333333333333
0.10333333333333333
0.1047096497767775
0.10416666666666666
0.10458333333333333
0.1049451166589129
0.10462081794186706
0.10541666666666667
0.1054581761253648
0.10541666666666666
0.10541666666666666
0.10460423171012147
0.10458333333333333
0.10468662504708168
0.10458333333333333
0.10517701748173386
0.10583333333333333
0.10625000000000001
0.10666666666666667
0.10708333333333334
0.10708333333333334
0.10708333333333334
0.10681753750624641
0.10670888998722233
0.10712727431963857
0.10708333333333334
0.10708333333333334
0.10833333333333334
0.10875000000000001
0.10916666666666668
0.10916666666666666
0.11
0.11041666666666666
0.11041666666666666
0.11083333333333334
0.11166666666666666
0.11225623810974483
0.1122637999164021
0.11208333333333334
0.11291666666666668
0.1126140030503652
0.11250000000000002
0.11291666666666668
0.11371717456688321
0.11338090970501946
0.11333333333333334
0.11374999999999999
0.11416666666666667
0.11458333333333334
0.11541666666666667
0.11612020602457619
0.11666213595349136
0.11668880312070995
0.11666666666666667
0.11666666666666667
0.1175
0.11833333333333333
0.11833333333333333
0.11875000000000001
0.11916666666666667
0.12041666666666667
0.12083333333333332
0.12125
0.12166666666666667
0.12208333333333334
0.12291666666666667
0.12291666666666667
0.12375
0.12416666666666666
0.12416666666666668
0.12416666666666668
0.12458333333333332
0.12458333333333334
0.12541666666666668
0.12604113703096803
0.12691609731275716
0.12666666666666665
0.12708333333333333
0.12683731484145194
0.12668500940297356
0.12708333333333333
0.12724295476637432
0.12711956970826754
0.12708333333333333
0.12708333333333333
0.12708333333333333
0.12791666666666668
0.12916666666666665
0.12894506129882605
0.12896988944596366
0.12916666666666665
0.12958333333333333
0.12958333333333333
0.13041666666666665
0.13041666666666668
0.13083333333333333
0.13125
0.13166666666666665
0.13201390114591352
0.13291666666666668
0.13333333333333333
0.13416666666666666
0.13416666666666666
0.13541666666666666
0.13583333333333333
0.13624999999999998
0.13666666666666666
0.13708333333333333
0.1379166666666667
0.13833333333333334
0.13958333333333334
0.13958333333333334
0.13989606244304
0.140128746450003
0.14
0.13999999999999999
0.1399196969216409
0.13958333333333334
0.13958333333333334
0.14
0.1404166666666667
0.14083333333333337
0.14125
0.14166666666666666
0.14208333333333334
0.14208333333333334
0.14172617056815512
0.14089528906556908
0.14041666666666666
0.14166666666666666
0.14060044627029497
0.13958685720447006
0.13958333333333334
0.13823710004245243
0.13708333333333333
0.13784383107721127
0.13629406265639984
0.13624999999999998
0.13479055505791843
0.13416666666666666
0.1335831473280441
0.13316906850422253
0.13230758113011976
0.1309739623742075
0.13045401633650555
0.12958333333333333
0.12958333333333333
0.13
0.13
0.13041666666666668
0.13068838276182138
0.13075149961712293
0.13041666666666668
0.13083333333333333
0.13166666666666665
0.1325
0.13291666666666668
0.13291666666666666
0.13333333333333333
0.13416666666666666
0.13416666666666666
0.13541666666666666
0.13541666666666666
0.13583333333333333
0.1355952875907926
0.1360363925199592
0.1358333333333333
0.13708333333333333
0.13749487677037164
0.1375
0.1375
0.13820719069002638
0.1375
0.1379166666666667
0.13874999999999998
0.13874999999999998
0.13875
0.1391666666666667
0.13888419021476348
0.13815179301421407
0.1379166666666667
0.1379166666666667
0.13776701218799592
0.13666666666666666
0.13708333333333333
0.13624980635138903
0.13541666666666669
0.13666666666666666
0.13509184836664848
0.135
0.13537701269885513
0.13382668513108698
0.13434944770725393
0.13300685919054597
0.1325
0.13118195857472692
0.13041666666666665
0.13041666666666668
0.13041666666666668
0.13083333333333333
0.13125
0.13125
0.13228265250281923
0.13231107271522619
0.13208333333333333
0.13208333333333333
0.13179678952839063
0.13208333333333333
0.1325
0.13277124591885608
0.13291666666666668
0.13291666666666668
0.13375
0.13375
0.13416666666666666
0.13458333333333333
0.1345369564214448
0.13481815040964848
0.13502629158785162
0.13541666666666666
0.13666666666666666
0.13708333333333333
0.1379166666666667
0.13833333333333334
0.13875
0.13916666666666666
0.13958333333333334
0.14
0.1408333333333333
0.14125000000000001
0.14208333333333334
0.14208333333333334
0.14250000000000002
0.1429166666666667
0.14375
0.14375000000000002
0.14375000000000004
0.1441666666666667
0.1441666666666667
0.14500000000000002
0.14485867247893425
0.14456725535085277
0.14416666666666667
0.14416666666666667
0.14323248349751458
0.14170642216513107
0.14166666666666666
0.14113962939458946
0.1394765448764286
0.1391666666666667
0.1391666666666667
0.14
0.14
0.1404166666666667
0.140644463264038
0.14029271077017763
0.14001105937590852
0.14
0.1401863896675309
0.14005486573248618
0.1408333333333333
0.1410135289733356
0.14047391990882876
0.14041666666666663
0.14041666666666663
0.14083333333333334
0.14125000000000001
0.14166666666666666
0.14237986632898667
0.14166100249536379
0.14125000000000001
0.14166666666666666
0.14229836222598
0.14067812614016756
0.14166666666666666
0.14149869389725933
0.14074305808129106
0.14125
0.14208333333333334
0.14250000000000002
0.14291666666666666
0.1433333333333333
0.14352377360221977
0.1435356391262322
0.14375
0.14375
0.14419451860278532
0.14416666666666667
0.14416666666666667
0.14456756040527274
0.1445833333333333
0.14541666666666664
0.14541666666666667
0.14583333333333334
0.14625
0.14666666666666667
0.145935098897312
0.14559101199340788
0.14500000000000002
0.14500000000000002
0.14473333162901247
0.14333333333333334
0.14333333333333337
0.14338057341301796
0.1433333333333333
0.14375
0.145
0.14583333333333331
0.14583333333333331
0.14625
0.14551961306754513
0.1451756280333486
0.145
0.14583333333333331
0.14533072325816626
0.14418162347343852
0.14416666666666667
0.14310933821138305
0.14208333333333334
0.1425
0.1425
0.1425
0.14250000000000002
0.142448430802209
0.1422052801648278
0.1428457215874442
0.14375000000000002
0.14458333333333334
0.14500000000000002
0.14512702713631911
0.14500000000000002
0.14583333333333337
0.14625
0.14625
0.14625
0.14666666666666667
0.14750000000000002
0.14791666666666667
0.14791666666666667
0.14916666666666667
0.14958333333333335
0.15000000000000002
0.15125
0.15166666666666667
0.15166666666666667
0.1525
0.1525
0.15249999999999997
0.15291666666666665
0.15333333333333332
0.15416666666666667
0.15458333333333335
0.1544026444408654
0.15445763487801367
0.15416666666666667
0.15458333333333335
0.15499999999999997
0.15541666666666665
0.155
0.155
0.15541666666666665
0.15541666666666665
0.15583333333333335
0.15625
0.15625
0.15666666666666668
0.1563776563355087
0.15517209463544024
0.15458333333333335
0.15583333333333332
0.15466905517344975
0.15333333333333335
0.15333333333333332
0.15265017892874075
0.15166666666666664
0.1525
0.1509576687642576
0.15083333333333332
0.15057272615256412
0.1491860482254198
0.14868931993436513
0.14699886395631406
0.14653631623921787
0.14487339370517735
0.14415188220118857
0.14375
0.14416666666666667
0.14458333333333334
0.14541666666666667
0.14583333333333331
0.14666666666666667
0.14708333333333334
0.1475
0.1475
0.14833333333333332
0.14958333333333335
0.15041666666666664
0.15041666666666667
0.15249999999999997
0.15249999999999997
0.15416666666666667
0.15416666666666667
0.15541666666666665
0.15541666666666665
0.15547846443746072
0.15429807120366246
0.15458333333333332
0.15458333333333332
0.1536384774384523
0.1521779523360393
0.15249999999999997
0.15102930971846384
0.1500100709607929
0.15
0.15
0.15041666666666664
0.15041666666666664
0.15041666666666664
0.15041666666666664
0.15041666666666664
0.15083333333333332
0.15083333333333332
0.15125
0.15125
0.15166666666666667
0.15249999999999997
0.15291666666666665
0.15291666666666665
0.15333333333333332
0.15333333333333332
0.15416666666666667
0.15416666666666667
0.15433330999581787
0.1539515992598533
0.15375
0.15458333333333332
0.15460814173117635
0.15458333333333335
0.155
0.1547693457118688
0.15458333333333332
0.155
0.155
0.15541666666666665
0.15541666666666665
0.15625
0.15588050523592512
0.15599138794742
0.15583333333333335
0.15583333333333332
0.1558488566533273
0.15465801580419264
0.15625
0.15625
0.15583333333333332
0.15625
0.15625
0.15666666666666668
0.15750000000000003
0.1575
0.15791666666666665
0.15875
0.15916666666666665
0.15916666666666665
0.15916666666666665
0.16
0.16
0.16166666666666668
0.16166666666666668
0.16208333333333333
0.16208333333333333
0.16291666666666665
0.16291666666666665
0.16333333333333333
0.1632135313888984
0.16467738253200967
0.16458333333333336
0.16458333333333333
0.16458333333333333
0.165
0.165
0.16499999999999998
0.16541666666666666
0.16541666666666666
0.16625
0.16610543361826133
0.16583333333333333
0.16583333333333333
0.16583333333333333
0.16625
0.16666666666666669
0.1670833333333333
0.16791666666666666
0.16958333333333334
0.16958333333333334
0.16958333333333334
0.17
0.16999999999999998
0.16934763112985812
0.16817610101037028
0.16791666666666666
0.16875
0.16810274283257357
0.16708333333333333
0.1675
0.16671292853521807
0.165
0.16499999999999998
0.16499999999999998
0.16583333333333333
0.16583333333333333
0.16583333333333333
0.16666666666666669
0.16666666666666669
0.1675
0.16791666666666666
0.16791666666666666
0.16791666666666666
0.16791666666666666
0.16875
0.16916666666666666
0.16999999999999998
0.17041666666666666
0.17083333333333334
0.17125
0.1725
0.17180065311469467
0.17140703796558274
0.17083333333333334
0.1716666666666667
0.17134035706553674
0.17050210646166308
0.17041666666666666
0.17127443723584412
0.16958333333333334
0.17041666666666666
0.17083333333333334
0.1716666666666667
0.17208333333333334
0.17208333333333334
0.1725
0.17333333333333334
0.17375000000000002
0.17375000000000002
0.17416666666666666
0.17416666666666666
0.175
0.175
0.17541666666666667
0.17583333333333334
0.17625000000000002
0.17666666666666667
0.17708333333333331
0.17708333333333331
0.17751485741839945
0.1768023603271391
0.17625000000000002
0.17625000000000002
0.17694515848410708
0.17669947857994023
0.17666666666666664
0.17666666666666664
0.17708333333333331
0.17708333333333331
0.17791666666666667
0.17833333333333334
0.17833333333333334
0.17875000000000002
0.17958333333333332
0.18041666666666667
0.18041666666666667
0.18083333333333335
0.18083333333333335
0.18083333333333335
0.18083333333333335
0.18125000000000002
0.18125000000000002
0.18125000000000002
0.18166666666666667
0.18166666666666667
0.18166666666666664
0.18166666666666664
0.18148649642665005
0.18195616449702834
0.18250000000000002
0.18250000000000002
0.18291666666666667
0.18291666666666667
0.18291666666666667
0.18291666666666667
0.18333333333333335
0.18416666666666665
0.18416666666666665
0.18416666666666665
0.18458333333333332
0.18583333333333335
0.18610672883527565
0.18632709482098947
0.18625000000000003
0.18625000000000003
0.1866666666666667
0.18666666666666668
0.1875
0.18875
0.18875
0.18875
0.18916666666666668
0.18916666666666668
0.19
0.19041666666666668
0.19125
0.19166666666666668
0.19208333333333336
0.19208333333333336
0.1925
0.1925
0.19416666666666668
0.19416666666666668
0.19458333333333333
0.19541666666666668
0.19493701046540013
0.19520383200474978
0.19541666666666668
0.19515645170177714
0.19458333333333333
0.195
0.195
0.195
0.195
0.195
0.195
0.195
0.19541666666666668
0.19583333333333336
0.19605526038100424
0.19695118304531464
0.19666666666666666
0.19708333333333333
0.1976181527407587
0.1975
0.19791666666666669
0.19807196082351003
0.19791666666666669
0.19875000000000004
0.1983232264037771
0.19791666666666669
0.19791666666666669
0.19711546991937862
0.1975
0.19696520646957894
0.19666666666666666
0.19664399653800807
0.19666666666666666
0.19666666666666666
0.19666666666666666
0.19666666666666666
0.19791666666666669
0.19833333333333336
0.19759429357515373
0.19718835995523548
0.19708333333333333
0.19791666666666669
0.19745691303700508
0.19587471004462448
0.1958333333333333
0.1950343395897465
0.19374999999999998
0.19374999999999998
0.1926829819963095
0.19208333333333333
0.1917903454383586
0.19042940085750448
0.1901169825639395
0.18875139132299046
0.1882399685584462
0.18643821338923844
0.18616173962038107
0.18541666666666667
0.18541666666666667
0.18541666666666667
0.18666666666666665
0.1875
0.18770478359647325
0.18777662955411398
0.18833333333333335
0.18875000000000003
0.1889405391158473
0.18916666666666665
0.19
0.19008952789203853
0.19
0.19208333333333333
0.19208333333333336
0.1925
0.19291666666666668
0.19333333333333333
0.1931853207434428
0.19295540077622061
0.19291666666666668
0.19291666666666668
0.19291666666666668
0.19291666666666668
0.19291666666666668
0.19333333333333336
0.19375
0.19375
0.19375
0.19375
0.19416666666666665
0.19416666666666665
0.1938860858713644
0.19389922280825972
0.19416666666666665
0.19458333333333333
0.19479873972415296
0.19541666666666666
0.19541666666666666
0.19541666666666666
0.19541666666666668
0.19583333333333336
0.19624999999999998
0.19625
0.19666666666666666
0.19708333333333333
0.19708333333333333
0.1975
0.1975
0.19791666666666669
0.19875
0.19958333333333333
0.2
0.20083333333333334
0.2008333333333333
0.2008333333333333
0.20124999999999998
0.20166666666666666
0.20166666666666666
0.2016666666666667
0.20150718410065244
0.20073118972498905
0.2004166666666667
0.2004166666666667
0.20083333333333336
0.20083333333333334
0.20083333333333334
0.20125
0.2025
0.20291666666666666
0.20416666666666666
0.20458333333333334
0.2054166666666667
0.2054166666666667
0.20607583993829232
0.2057019351436825
0.20708333333333334
0.20750000000000002
0.20768726069224838
0.20753092497890735
0.20791666666666667
0.20765797598416477
0.20760260484781273
0.2079166666666667
0.20875
0.20875
0.21000000000000002
0.21037800732373851
