0.0
0.0
0.0
0.0
0.0
0.0
0.0
0.0
0.0
0.0
0.0
0.0
0.0
0.0
0.0
0.0
0.0
0.0
0.0
0.0
0.0
0.0
0.0
0.0
0.0
0.0
0.0
0.0
0.0
0.0
0.0
0.0
0.0
0.0
0.0
0.0
0.0
0.0
0.0
0.0
0.0
0.0
0.0
0.0
0.0
0.0
0.0
0.0
0.0
0.0
0.0
0.0
0.0
0.0
0.0
0.0
0.0
0.0
0.0
0.0
0.0
0.0
0.0
0.0
0.0
0.0
0.0
0.0
0.0
0.0
0.0
0.0
0.0
0.0
0.0
0.0
0.0
0.0
0.0
0.0
0.0
0.0
0.0
0.0
0.0
0.0
0.0
0.0
0.0
0.0
0.0
0.0
0.0
0.0
1.3333333333333333
1.3333333333333333
1.3333333333333333
1.3333333333333333
1.3333333333333333
1.3333333333333333
1.3333333333333333
1.3333333333333333
1.3333333333333333
1.3333333333333333
1.3333333333333333
1.3333333333333333
1.3333333333333333
1.3333333333333333
1.3333333333333333
1.3333333333333333
1.3333333333333333
1.3333333333333333
1.3333333333333333
1.3333333333333333
1.3333333333333333
1.3333333333333333
1.3333333333333333
1.3333333333333333
1.3333333333333333
1.3333333333333333
1.3333333333333333
1.3333333333333333
1.3333333333333333
2.6666666666666665
2.6666666666666665
2.6666666666666665
2.6666666666666665
2.6666666666666665
2.6666666666666665
2.6666666666666665
2.6666666666666665
2.6666666666666665
2.6666666666666665
2.6666666666666665
2.6666666666666665
2.6666666666666665
2.6666666666666665
2.6666666666666665
2.6666666666666665
2.6666666666666665
2.6666666666666665
2.6666666666666665
2.6666666666666665
2.6666666666666665
2.6666666666666665
2.6666666666666665
2.6666666666666665
2.6666666666666665
2.6666666666666665
2.6666666666666665
2.6666666666666665
2.6666666666666665
2.6666666666666665
2.6666666666666665
2.6666666666666665
2.6666666666666665
2.6666666666666665
2.6666666666666665
2.6666666666666665
2.6666666666666665
4.0
4.0
4.0
4.0
4.0
2.6666666666666665
2.6666666666666665
2.6666666666666665
2.6666666666666665
2.6666666666666665
2.6666666666666665
2.6666666666666665
2.6666666666666665
2.6666666666666665
2.6666666666666665
2.6666666666666665
2.6666666666666665
2.6666666666666665
2.6666666666666665
2.6666666666666665
2.6666666666666665
2.6666666666666665
2.6666666666666665
2.6666666666666665
2.6666666666666665
2.6666666666666665
2.6666666666666665
2.6666666666666665
2.6666666666666665
2.6666666666666665
2.6666666666666665
2.6666666666666665
2.6666666666666665
2.6666666666666665
2.6666666666666665
4.0
4.0
4.0
5.333333333333333
5.333333333333333
5.333333333333333
5.333333333333333
5.333333333333333
5.333333333333333
5.333333333333333
5.333333333333333
5.333333333333333
5.333333333333333
6.666666666666666
6.666666666666666
6.666666666666666
6.666666666666666
6.666666666666666
6.666666666666666
6.666666666666666
5.333333333333333
5.333333333333333
5.333333333333333
5.333333333333333
5.333333333333333
5.333333333333333
5.333333333333333
5.333333333333333
5.333333333333333
5.333333333333333
5.333333333333333
6.666666666666666
6.666666666666666
6.666666666666666
6.666666666666666
6.666666666666666
8.0
9.333333333333332
9.333333333333332
9.333333333333332
10.666666666666666
10.666666666666666
10.666666666666666
10.666666666666666
10.666666666666666
10.666666666666666
10.666666666666666
10.666666666666666
10.666666666666666
10.666666666666666
9.333333333333332
10.666666666666666
10.666666666666666
12.0
12.0
12.0
13.333333333333332
13.333333333333332
13.333333333333332
13.333333333333332
13.333333333333332
13.333333333333332
16.0
16.0
16.0
17.333333333333336
17.333333333333336
17.333333333333336
17.333333333333336
17.333333333333336
17.333333333333336
17.333333333333336
17.333333333333336
17.333333333333336
14.666666666666666
14.666666666666666
14.666666666666666
14.666666666666666
14.666666666666666
14.666666666666666
14.666666666666666
14.666666666666666
14.666666666666666
14.666666666666666
14.666666666666666
14.666666666666666
14.666666666666666
16.0
16.0
16.0
17.333333333333332
16.0
16.0
14.666666666666666
14.666666666666666
15.999999999999998
15.999999999999998
15.999999999999998
15.999999999999998
15.999999999999998
15.999999999999998
15.999999999999998
14.666666666666666
14.666666666666666
14.666666666666666
13.333333333333332
13.333333333333332
13.333333333333332
13.333333333333332
13.333333333333332
13.333333333333332
13.333333333333332
13.333333333333332
13.333333333333332
13.333333333333332
13.333333333333332
13.333333333333332
13.333333333333332
13.333333333333332
13.333333333333332
14.666666666666666
14.666666666666666
14.666666666666666
14.666666666666666
14.666666666666666
14.666666666666666
14.666666666666666
14.666666666666666
14.666666666666666
15.999999999999998
15.999999999999998
15.999999999999998
13.333333333333332
13.333333333333332
13.333333333333332
14.666666666666666
16.0
16.0
16.0
16.0
16.0
16.0
16.0
16.0
16.0
16.0
12.0
13.333333333333332
13.333333333333332
13.333333333333332
12.0
12.0
12.0
12.0
12.0
12.0
12.0
12.0
12.0
12.0
7.999999999999999
7.999999999999999
7.999999999999999
7.999999999999999
7.999999999999999
9.333333333333334
9.333333333333334
10.666666666666666
10.666666666666666
10.666666666666666
10.666666666666666
10.666666666666666
10.666666666666666
10.666666666666666
10.666666666666666
10.666666666666666
10.666666666666666
10.666666666666666
10.666666666666666
10.666666666666666
10.666666666666666
10.666666666666666
10.666666666666666
10.666666666666666
10.666666666666666
10.666666666666666
10.666666666666666
10.666666666666666
7.999999999999999
7.999999999999999
9.333333333333334
9.333333333333334
9.333333333333334
9.333333333333334
9.333333333333334
9.333333333333334
10.666666666666668
10.666666666666668
10.666666666666668
10.666666666666668
10.666666666666668
10.666666666666668
9.333333333333334
9.333333333333334
9.333333333333334
9.333333333333334
9.333333333333334
10.666666666666666
10.666666666666666
10.666666666666666
10.666666666666666
10.666666666666666
10.666666666666666
10.666666666666666
10.666666666666666
10.666666666666666
10.666666666666666
10.666666666666666
10.666666666666666
10.666666666666666
10.666666666666666
10.666666666666666
10.666666666666666
10.666666666666666
10.666666666666666
10.666666666666666
10.666666666666666
11.999999999999998
11.999999999999998
11.999999999999998
13.333333333333334
13.333333333333334
13.333333333333334
13.333333333333334
13.333333333333334
14.666666666666668
14.666666666666668
14.666666666666668
14.666666666666668
14.666666666666668
16.0
16.0
16.0
16.0
10.666666666666666
12.0
13.333333333333334
13.333333333333334
10.666666666666666
10.666666666666666
10.666666666666666
10.666666666666666
10.666666666666666
11.999999999999998
13.333333333333332
13.333333333333332
13.333333333333332
14.666666666666666
14.666666666666666
14.666666666666666
14.666666666666666
14.666666666666666
14.666666666666666
15.999999999999998
15.999999999999998
15.999999999999998
15.999999999999998
15.999999999999998
18.666666666666668
18.666666666666668
18.666666666666668
18.666666666666668
18.666666666666668
20.0
20.0
20.0
20.0
20.0
20.0
20.0
21.333333333333336
21.333333333333336
21.333333333333336
22.666666666666668
22.666666666666668
22.666666666666668
22.666666666666668
24.0
24.0
24.0
24.0
24.0
24.0
25.333333333333336
26.666666666666668
26.666666666666668
22.66666666666667
22.66666666666667
22.66666666666667
22.66666666666667
21.333333333333336
21.333333333333336
20.0
20.0
20.0
20.0
20.0
20.0
20.0
20.0
14.666666666666668
14.666666666666668
14.666666666666668
16.0
14.666666666666668
16.0
16.0
14.666666666666668
14.666666666666668
14.666666666666668
14.666666666666668
14.666666666666668
14.666666666666668
16.0
16.0
16.0
16.0
16.0
17.333333333333332
17.333333333333332
17.333333333333332
17.333333333333332
17.333333333333332
17.333333333333332
17.333333333333332
17.333333333333332
18.666666666666668
18.666666666666668
17.333333333333336
17.333333333333336
17.333333333333336
17.333333333333336
17.333333333333336
17.333333333333336
17.333333333333336
17.333333333333336
17.333333333333336
17.333333333333336
18.666666666666668
18.666666666666668
18.666666666666668
18.666666666666668
18.666666666666668
18.666666666666668
18.666666666666668
18.666666666666668
20.0
21.333333333333336
21.333333333333336
21.333333333333336
21.333333333333336
22.666666666666668
22.666666666666668
22.666666666666668
22.666666666666668
22.666666666666668
20.000000000000004
20.000000000000004
20.000000000000004
20.000000000000004
20.000000000000004
20.000000000000004
20.000000000000004
18.666666666666664
18.666666666666664
18.666666666666664
18.666666666666664
20.000000000000004
20.000000000000004
20.000000000000004
18.666666666666664
20.0
20.0
21.333333333333332
18.666666666666664
18.666666666666664
18.666666666666664
18.666666666666664
20.0
20.0
22.666666666666668
22.666666666666668
22.666666666666668
22.666666666666668
22.666666666666668
22.666666666666668
24.0
24.0
24.0
24.0
24.0
24.0
24.0
25.333333333333332
25.333333333333332
25.333333333333332
25.333333333333332
26.666666666666668
26.666666666666668
26.666666666666668
26.666666666666668
26.666666666666668
26.666666666666668
26.666666666666668
26.666666666666668
26.666666666666668
26.666666666666668
26.666666666666668
21.333333333333332
21.333333333333332
21.333333333333332
22.666666666666668
21.333333333333332
21.333333333333332
20.0
20.0
20.0
20.0
20.0
20.0
20.0
20.0
20.0
20.0
20.0
20.0
22.666666666666668
22.666666666666668
22.666666666666668
22.666666666666668
22.666666666666668
24.0
24.0
24.0
25.333333333333336
26.666666666666664
25.333333333333336
25.333333333333336
25.333333333333336
26.666666666666664
26.666666666666664
26.666666666666664
26.666666666666664
26.666666666666664
26.666666666666664
26.666666666666664
26.666666666666664
26.666666666666664
26.666666666666664
28.0
28.0
28.0
28.0
28.0
28.0
28.0
28.0
28.0
28.0
28.0
28.0
28.0
28.0
28.0
30.666666666666664
30.666666666666664
30.666666666666664
30.666666666666664
30.666666666666664
30.666666666666664
33.333333333333336
34.66666666666667
37.33333333333333
37.33333333333333
38.666666666666664
38.666666666666664
40.0
40.0
33.333333333333336
33.333333333333336
33.333333333333336
33.333333333333336
30.666666666666664
30.666666666666664
30.666666666666664
29.333333333333336
30.666666666666664
30.666666666666664
30.666666666666664
32.0
32.0
32.0
30.666666666666668
30.666666666666668
30.666666666666668
30.666666666666668
30.666666666666668
30.666666666666668
30.666666666666668
30.666666666666668
30.666666666666668
30.666666666666668
30.666666666666668
31.999999999999996
31.999999999999996
31.999999999999996
30.666666666666664
32.0
32.0
32.0
32.0
32.0
32.0
33.33333333333333
33.33333333333333
33.33333333333333
34.66666666666667
34.66666666666667
34.66666666666667
36.0
36.0
36.0
36.0
36.0
36.0
36.0
36.0
37.33333333333333
37.33333333333333
37.33333333333333
37.33333333333333
37.33333333333333
37.33333333333333
37.33333333333333
34.66666666666667
34.66666666666667
34.66666666666667
34.66666666666667
34.66666666666667
34.66666666666667
34.66666666666667
34.66666666666667
34.66666666666667
34.66666666666667
36.0
37.33333333333333
37.33333333333333
38.66666666666667
41.333333333333336
41.333333333333336
42.666666666666664
42.666666666666664
42.666666666666664
44.0
45.333333333333336
45.333333333333336
45.333333333333336
45.333333333333336
45.333333333333336
46.66666666666667
46.66666666666667
46.66666666666667
41.333333333333336
41.333333333333336
41.333333333333336
41.333333333333336
38.666666666666664
38.666666666666664
38.666666666666664
38.666666666666664
38.666666666666664
38.666666666666664
38.666666666666664
38.666666666666664
38.666666666666664
38.666666666666664
32.0
33.333333333333336
33.333333333333336
33.333333333333336
25.333333333333336
25.333333333333336
25.333333333333336
21.333333333333336
22.666666666666668
22.666666666666668
22.666666666666668
22.666666666666668
22.666666666666668
22.666666666666668
22.666666666666668
22.666666666666668
22.666666666666668
22.666666666666668
22.666666666666668
22.666666666666668
24.0
24.0
24.0
24.0
25.333333333333332
25.333333333333332
25.333333333333332
25.333333333333332
25.333333333333332
27.999999999999996
27.999999999999996
27.999999999999996
27.999999999999996
27.999999999999996
29.33333333333333
30.666666666666664
32.0
32.0
33.333333333333336
33.333333333333336
33.333333333333336
33.333333333333336
33.333333333333336
33.333333333333336
33.333333333333336
34.66666666666667
34.66666666666667
34.66666666666667
32.0
32.0
32.0
32.0
29.333333333333332
29.333333333333332
29.333333333333332
29.333333333333332
29.333333333333332
29.333333333333332
29.333333333333332
29.333333333333332
29.333333333333332
30.666666666666668
26.666666666666668
26.666666666666668
26.666666666666668
26.666666666666668
22.666666666666668
22.666666666666668
22.666666666666668
24.0
24.0
24.0
24.0
24.0
24.0
24.0
24.0
24.0
24.0
24.0
24.0
25.333333333333336
25.333333333333336
25.333333333333336
25.333333333333336
25.333333333333336
25.333333333333336
26.666666666666668
26.666666666666668
26.666666666666668
28.0
28.0
29.333333333333336
30.66666666666667
32.0
32.0
32.0
32.0
32.0
32.0
32.0
33.333333333333336
33.333333333333336
33.333333333333336
25.333333333333336
25.333333333333336
26.666666666666664
26.666666666666664
21.333333333333336
22.666666666666668
22.666666666666668
22.666666666666668
22.666666666666668
22.666666666666668
22.666666666666668
22.666666666666668
22.666666666666668
22.666666666666668
22.666666666666668
24.0
24.0
24.0
24.0
25.333333333333332
25.333333333333332
26.666666666666664
28.0
28.0
28.0
28.0
28.0
28.0
26.666666666666668
28.0
29.333333333333336
29.333333333333336
29.333333333333336
29.333333333333336
29.333333333333336
29.333333333333336
29.333333333333336
28.0
28.0
29.333333333333332
29.333333333333332
33.333333333333336
33.333333333333336
34.66666666666667
34.66666666666667
34.66666666666667
34.66666666666667
34.66666666666667
34.66666666666667
34.66666666666667
34.66666666666667
34.66666666666667
34.66666666666667
38.666666666666664
38.666666666666664
38.666666666666664
38.666666666666664
38.666666666666664
40.0
40.0
41.333333333333336
41.333333333333336
42.666666666666664
42.666666666666664
42.666666666666664
42.666666666666664
40.0
40.0
41.333333333333336
41.333333333333336
42.66666666666667
42.66666666666667
44.0
44.0
44.0
45.333333333333336
45.333333333333336
46.66666666666667
48.0
49.333333333333336
48.0
48.0
48.0
48.0
48.0
49.333333333333336
49.333333333333336
49.333333333333336
52.0
54.666666666666664
56.0
56.0
56.0
56.0
49.33333333333333
49.33333333333333
49.33333333333333
49.33333333333333
44.0
42.666666666666664
44.0
42.66666666666667
41.333333333333336
41.333333333333336
41.333333333333336
41.333333333333336
41.333333333333336
42.66666666666667
34.666666666666664
34.666666666666664
36.0
36.0
29.333333333333336
30.66666666666667
30.66666666666667
30.66666666666667
30.66666666666667
29.333333333333336
29.333333333333336
29.333333333333336
29.333333333333336
29.333333333333336
29.333333333333336
29.333333333333336
29.333333333333336
30.66666666666667
32.0
32.0
33.333333333333336
33.333333333333336
34.666666666666664
36.0
36.0
37.333333333333336
37.333333333333336
38.666666666666664
38.666666666666664
38.666666666666664
38.666666666666664
38.666666666666664
38.666666666666664
41.33333333333333
41.33333333333333
41.33333333333333
41.33333333333333
42.666666666666664
34.66666666666667
34.66666666666667
34.66666666666667
34.66666666666667
32.0
32.0
32.0
33.33333333333333
34.666666666666664
34.666666666666664
34.666666666666664
34.666666666666664
34.666666666666664
34.666666666666664
34.666666666666664
34.666666666666664
36.0
36.0
36.0
37.333333333333336
37.333333333333336
38.66666666666667
38.66666666666667
40.0
40.0
40.0
40.0
41.33333333333333
40.0
41.33333333333333
41.33333333333333
41.33333333333333
40.0
40.0
40.0
40.0
41.33333333333333
41.33333333333333
42.66666666666667
42.66666666666667
44.0
44.0
42.66666666666667
42.66666666666667
44.0
44.0
42.66666666666667
45.33333333333333
45.33333333333333
45.33333333333333
45.33333333333333
45.33333333333333
45.33333333333333
45.33333333333333
48.0
48.0
46.66666666666667
46.66666666666667
46.66666666666667
48.0
46.66666666666667
46.66666666666667
46.66666666666667
45.33333333333333
45.33333333333333
45.33333333333333
46.66666666666667
46.66666666666667
46.66666666666667
48.0
46.66666666666667
45.33333333333333
45.33333333333333
45.33333333333333
45.33333333333333
45.33333333333333
45.33333333333333
45.33333333333333
45.33333333333333
45.33333333333333
44.0
44.0
44.0
45.333333333333336
38.66666666666667
38.66666666666667
38.66666666666667
40.0
34.66666666666667
33.333333333333336
33.333333333333336
29.333333333333336
29.333333333333336
29.333333333333336
29.333333333333336
29.333333333333336
29.333333333333336
29.333333333333336
29.333333333333336
29.333333333333336
29.333333333333336
30.666666666666664
30.666666666666664
32.0
32.0
32.0
32.0
32.0
32.0
32.0
32.0
32.0
29.333333333333336
29.333333333333336
29.333333333333336
30.666666666666664
32.0
33.33333333333333
33.33333333333333
33.33333333333333
33.33333333333333
33.33333333333333
33.33333333333333
33.33333333333333
33.33333333333333
34.666666666666664
34.666666666666664
34.666666666666664
34.666666666666664
34.666666666666664
34.666666666666664
34.666666666666664
34.666666666666664
36.0
36.0
37.33333333333333
37.33333333333333
37.33333333333333
37.33333333333333
37.33333333333333
34.666666666666664
36.0
36.0
36.0
36.0
37.33333333333333
37.33333333333333
40.0
40.0
40.0
40.0
40.0
40.0
40.0
40.0
40.0
40.0
40.0
40.0
40.0
40.0
40.0
42.66666666666667
42.66666666666667
42.66666666666667
44.0
44.0
44.0
44.0
44.0
45.33333333333333
46.66666666666667
46.66666666666667
48.0
48.0
48.0
49.33333333333333
49.33333333333333
49.33333333333333
50.66666666666666
50.66666666666666
50.66666666666666
50.66666666666666
50.66666666666666
50.66666666666666
50.66666666666666
50.66666666666666
52.0
50.66666666666666
50.66666666666666
53.33333333333333
53.33333333333333
53.33333333333333
53.33333333333333
54.66666666666667
54.66666666666667
54.66666666666667
54.66666666666667
54.66666666666667
56.0
56.0
58.66666666666667
60.0
58.66666666666667
58.66666666666667
58.66666666666667
58.66666666666667
58.66666666666667
58.66666666666667
60.0
61.333333333333336
61.333333333333336
62.666666666666664
64.0
64.0
64.0
64.0
64.0
64.0
65.33333333333333
65.33333333333333
68.0
68.0
68.0
68.0
68.0
68.0
68.0
68.0
68.0
68.0
68.0
68.0
69.33333333333334
69.33333333333334
69.33333333333334
69.33333333333334
69.33333333333334
69.33333333333334
69.33333333333334
70.66666666666667
70.66666666666667
62.66666666666667
62.66666666666667
62.66666666666667
62.66666666666667
57.33333333333334
58.66666666666667
60.0
57.33333333333333
57.33333333333333
56.0
58.666666666666664
60.0
60.0
60.0
58.666666666666664
58.666666666666664
60.0
61.33333333333333
61.33333333333333
61.33333333333333
61.33333333333333
61.33333333333333
61.33333333333333
61.33333333333333
61.33333333333333
61.33333333333333
62.66666666666666
62.66666666666666
58.66666666666667
61.333333333333336
61.333333333333336
61.333333333333336
58.66666666666667
58.66666666666667
58.66666666666667
60.0
60.0
60.0
60.0
60.0
60.0
60.0
58.66666666666667
60.0
61.33333333333333
62.66666666666667
62.66666666666667
62.66666666666667
62.66666666666667
62.66666666666667
64.0
64.0
64.0
64.0
64.0
64.0
62.66666666666667
64.0
64.0
64.0
64.0
64.0
64.0
65.33333333333333
68.0
70.66666666666667
70.66666666666667
70.66666666666667
70.66666666666667
70.66666666666667
65.33333333333333
65.33333333333333
65.33333333333333
65.33333333333333
66.66666666666666
66.66666666666666
66.66666666666666
68.0
68.0
68.0
69.33333333333334
69.33333333333334
69.33333333333334
69.33333333333334
68.0
68.0
69.33333333333334
69.33333333333334
69.33333333333334
70.66666666666667
70.66666666666667
70.66666666666666
70.66666666666666
72.0
72.0
73.33333333333334
73.33333333333334
72.0
73.33333333333334
73.33333333333334
73.33333333333334
73.33333333333334
74.66666666666666
74.66666666666666
74.66666666666666
74.66666666666666
74.66666666666666
73.33333333333333
73.33333333333333
73.33333333333333
73.33333333333333
76.0
76.0
77.33333333333334
77.33333333333334
77.33333333333334
77.33333333333334
78.66666666666667
78.66666666666667
78.66666666666667
78.66666666666667
78.66666666666667
78.66666666666667
80.0
